2017/07/07 18:01:42,-10.0960,14.6953,0.2685
2017/07/07 18:31:42,-10.0959,14.6954,0.2685
2017/07/07 19:01:49,-10.0960,14.6953,0.2686
2017/07/07 19:31:42,-10.0962,14.6952,0.2686
2017/08/03 21:00:00,-10.0947,14.6961,0.2685
2017/08/10 16:00:00,-10.2483,0.3179,0.3774,-26.1157,13.8513,0.3642,-22.379,22.353,-0.8915,-3.0653,10.0272,0.2025
2017/08/10 17:00:00,-10.2483,0.318,0.3774,-26.1154,13.8517,0.3645,-22.3788,22.3533,-0.8914,-3.0652,10.0274,0.2025
2017/08/10 18:00:00,-10.2483,0.3178,0.3774,-26.1157,13.8513,0.3646,-22.3791,22.3529,-0.8912,-3.0653,10.0272,0.2025
2017/08/10 19:00:00,-10.2484,0.3178,0.3774,-26.1159,13.8513,0.3645,-22.3793,22.3529,-0.8913,-3.0655,10.0272,0.2025
2017/08/10 22:00:00,-10.2484,0.3179,0.3775,-26.1157,13.8514,0.3645,-22.379,22.3529,-0.8913,-3.0653,10.0272,0.2026
2017/08/10 23:00:00,-10.2484,0.3179,0.3775,-26.1159,13.8513,0.3644,-22.3792,22.3528,-0.8914,-3.0655,10.0272,0.2026
2017/08/11 00:00:00,-10.2483,0.318,0.3775,-26.1158,13.8514,0.3643,-22.379,22.353,-0.8914,-3.0654,10.0273,0.2026
2017/08/11 01:00:00,-10.2482,0.318,0.3775,-26.1157,13.8515,0.3644,-22.3789,22.3531,-0.8914,-3.0653,10.0273,0.2026
2017/08/11 02:00:00,-10.2483,0.318,0.3775,-26.1156,13.8514,0.3645,-22.3791,22.3531,-0.8916,-3.0653,10.0273,0.2026
2017/08/11 03:00:00,-10.2484,0.3179,0.3775,-26.1159,13.8513,0.3644,-22.3791,22.3528,-0.8914,-3.0655,10.0273,0.2026
2017/08/11 04:00:00,-10.2484,0.318,0.3775,-26.1158,13.8513,0.3643,-22.3791,22.3529,-0.8914,-3.0653,10.0272,0.2025
2017/08/11 05:00:00,-10.2483,0.3182,0.3775,-26.1158,13.8516,0.3645,-22.3789,22.3531,-0.8915,-3.0652,10.0274,0.2025
2017/08/11 06:00:00,-10.2484,0.3181,0.3776,-26.1159,13.8514,0.3644,-22.3791,22.353,-0.8915,-3.0653,10.0272,0.2026
2017/08/11 07:00:00,-10.2483,0.318,0.3775,-26.1158,13.8514,0.3646,-22.3791,22.353,-0.8915,-3.0653,10.0272,0.2026
2017/08/11 08:00:00,-10.2483,0.318,0.3775,-26.1157,13.8513,0.3644,-22.3789,22.3529,-0.8914,-3.0653,10.0273,0.2025
2017/08/11 09:00:00,-10.2484,0.318,0.3774,-26.1157,13.8513,0.3645,-22.379,22.3528,-0.8915,-3.0653,10.027,0.2025
2017/08/11 10:00:00,-10.2485,0.3179,0.3775,-26.1157,13.8512,0.3643,-22.3791,22.3527,-0.8915,-3.0653,10.0271,0.2026
2017/08/11 11:00:00,-10.2483,0.3179,0.3774,-26.1156,13.8513,0.3642,-22.3791,22.3529,-0.8916,-3.0653,10.0273,0.2025
2017/08/11 12:00:00,-10.2484,0.3179,0.3774,-26.1157,13.8513,0.3643,-22.379,22.353,-0.8917,-3.0653,10.0273,0.2025
2017/08/11 13:00:00,-10.2483,0.3178,0.3774,-26.1157,13.8513,0.3643,-22.379,22.3528,-0.8917,-3.0653,10.0273,0.2025
2017/08/11 14:00:00,-10.2484,0.3177,0.3774,-26.1158,13.8512,0.3643,-22.3791,22.353,-0.8915,-3.0654,10.0272,0.2025
2017/08/11 15:00:00,-10.2483,0.3178,0.3774,-26.1157,13.8512,0.3642,-22.3789,22.3529,-0.8914,-3.0653,10.0272,0.2025
2017/08/11 16:00:00,-10.2483,0.3178,0.3774,-26.1156,13.8512,0.3642,-22.3789,22.353,-0.8916,-3.0653,10.0272,0.2025
2017/08/11 17:00:00,-10.2485,0.3177,0.3774,-26.1156,13.8513,0.3643,-22.3788,22.353,-0.8916,-3.0653,10.0271,0.2025
2017/08/11 18:00:00,-10.2484,0.3178,0.3774,-26.1157,13.8514,0.3642,-22.379,22.3531,-0.8916,-3.0654,10.0272,0.2025
2017/08/11 19:00:00,-10.2484,0.3178,0.3774,-26.1158,13.8513,0.3643,-22.3789,22.3529,-0.8914,-3.0653,10.0272,0.2025
2017/08/11 20:00:00,-10.2485,0.3177,0.3775,-26.116,13.8512,0.3644,-22.3792,22.3527,-0.8916,-3.0654,10.0271,0.2026
2017/08/11 21:00:00,-10.2483,0.3179,0.3774,-26.1156,13.8513,0.3643,-22.379,22.3531,-0.8916,-3.0653,10.0272,0.2025
2017/08/11 22:00:00,-10.2483,0.3179,0.3775,-26.1157,13.8513,0.3643,-22.379,22.3529,-0.8916,-3.0653,10.0272,0.2026
2017/08/11 23:00:00,-10.2481,0.318,0.3775,-26.1156,13.8514,0.3644,-22.3789,22.353,-0.8915,-3.0653,10.0273,0.2026
2017/08/12 00:00:00,-10.2483,0.3181,0.3775,-26.1157,13.8516,0.3644,-22.3789,22.3532,-0.8915,-3.0653,10.0273,0.2025
2017/08/12 01:00:00,-10.2484,0.318,0.3775,-26.1159,13.8514,0.3644,-22.3791,22.3531,-0.8915,-3.0654,10.0272,0.2026
2017/08/12 02:00:00,-10.2483,0.318,0.3775,-26.1158,13.8514,0.3643,-22.3791,22.353,-0.8914,-3.0653,10.0274,0.2026
2017/08/12 03:00:00,-10.2485,0.318,0.3776,-26.1159,13.8515,0.3643,-22.3789,22.353,-0.8915,-3.0653,10.0272,0.2026
2017/08/12 04:00:00,-10.2484,0.3181,0.3776,-26.1158,13.8514,0.3644,-22.3791,22.3529,-0.8916,-3.0653,10.0273,0.2026
2017/08/12 05:00:00,-10.2484,0.318,0.3776,-26.1159,13.8514,0.3644,-22.3792,22.3529,-0.8916,-3.0654,10.0272,0.2026
2017/08/12 06:00:00,-10.2484,0.3182,0.3776,-26.1159,13.8514,0.3642,-22.3791,22.3531,-0.8916,-3.0654,10.0272,0.2026
2017/08/12 07:00:00,-10.2484,0.3182,0.3776,-26.1158,13.8515,0.3645,-22.3791,22.3531,-0.8917,-3.0653,10.0273,0.2026
2017/08/12 08:00:00,-10.2484,0.3182,0.3776,-26.116,13.8515,0.3643,-22.379,22.3529,-0.8916,-3.0653,10.0273,0.2026
2017/08/12 09:00:00,-10.2485,0.3183,0.3776,-26.1158,13.8517,0.3644,-22.379,22.3532,-0.8917,-3.0653,10.0274,0.2026
2017/08/12 10:00:00,-10.2486,0.3182,0.3776,-26.1159,13.8514,0.3643,-22.3791,22.353,-0.8916,-3.0653,10.0272,0.2026
2017/08/12 11:00:00,-10.2483,0.3183,0.3776,-26.1158,13.8517,0.3643,-22.3789,22.3531,-0.8916,-3.0652,10.0274,0.2026
2017/08/12 12:00:00,-10.2484,0.3181,0.3776,-26.116,13.8512,0.3643,-22.3792,22.3528,-0.8916,-3.0654,10.0272,0.2026
2017/08/12 13:00:00,-10.2484,0.3182,0.3776,-26.1159,13.8515,0.3643,-22.379,22.353,-0.8916,-3.0653,10.0272,0.2025
2017/08/12 14:00:00,-10.2483,0.3183,0.3776,-26.1158,13.8515,0.3643,-22.3789,22.353,-0.8916,-3.0652,10.0273,0.2025
2017/08/12 15:00:00,-10.2484,0.3183,0.3776,-26.1157,13.8516,0.3642,-22.3789,22.353,-0.8918,-3.0653,10.0273,0.2025
2017/08/12 16:00:00,-10.2484,0.3184,0.3776,-26.1159,13.8517,0.3643,-22.379,22.3531,-0.8916,-3.0652,10.0273,0.2025
2017/08/12 17:00:00,-10.2486,0.3182,0.3776,-26.116,13.8513,0.3644,-22.3792,22.3529,-0.8916,-3.0654,10.0272,0.2026
2017/08/12 18:00:00,-10.2484,0.3183,0.3776,-26.1159,13.8515,0.3643,-22.3791,22.353,-0.8917,-3.0653,10.0272,0.2025
2017/08/12 19:00:00,-10.2485,0.3184,0.3776,-26.1159,13.8516,0.3643,-22.3789,22.353,-0.8916,-3.0653,10.0272,0.2025
2017/08/12 20:00:00,-10.2484,0.3185,0.3776,-26.1158,13.8517,0.3644,-22.379,22.3531,-0.8917,-3.0652,10.0272,0.2026
2017/08/12 21:00:00,-10.2484,0.3185,0.3777,-26.1157,13.852,0.3645,-22.3788,22.3531,-0.8916,-3.0651,10.0273,0.2026
2017/08/12 22:00:00,-10.2486,0.3184,0.3777,-26.1159,13.8517,0.3643,-22.3791,22.353,-0.8917,-3.0653,10.0272,0.2026
2017/08/12 23:00:00,-10.2485,0.3185,0.3777,-26.1158,13.8519,0.3643,-22.3788,22.3532,-0.8917,-3.0652,10.0272,0.2027
2017/08/13 00:00:00,-10.2485,0.3186,0.3778,-26.1157,13.852,0.3643,-22.3787,22.3533,-0.8916,-3.0652,10.0273,0.2027
2017/08/13 01:00:00,-10.2486,0.3185,0.3777,-26.1158,13.8519,0.3643,-22.3788,22.3532,-0.8916,-3.0652,10.0272,0.2026
2017/08/13 02:00:00,-10.2486,0.3186,0.3778,-26.116,13.8518,0.3642,-22.379,22.3533,-0.8916,-3.0653,10.0274,0.2027
2017/08/13 03:00:00,-10.2486,0.3187,0.3778,-26.1159,13.8519,0.3643,-22.379,22.3533,-0.8916,-3.0653,10.0273,0.2027
2017/08/13 04:00:00,-10.2485,0.3187,0.3778,-26.1159,13.8519,0.3641,-22.3788,22.3533,-0.8917,-3.0652,10.0274,0.2027
2017/08/13 05:00:00,-10.2487,0.3187,0.3778,-26.116,13.8519,0.3639,-22.3789,22.3533,-0.8919,-3.0652,10.0274,0.2027
2017/08/13 06:00:00,-10.2486,0.3187,0.3779,-26.1161,13.8517,0.3639,-22.379,22.3531,-0.8918,-3.0652,10.0274,0.2027
2017/08/13 07:00:00,-10.2487,0.3187,0.3778,-26.1159,13.852,0.3642,-22.3789,22.3532,-0.8917,-3.0652,10.0273,0.2027
2017/08/13 08:00:00,-10.2486,0.3186,0.3778,-26.1159,13.8516,0.3642,-22.379,22.353,-0.8915,-3.0652,10.0273,0.2026
2017/08/13 09:00:00,-10.2486,0.3187,0.3778,-26.1157,13.852,0.3643,-22.3788,22.3533,-0.8916,-3.0652,10.0273,0.2027
2017/08/13 10:00:00,-10.2487,0.3185,0.3778,-26.116,13.8516,0.3644,-22.3791,22.3529,-0.8916,-3.0653,10.0271,0.2026
2017/08/13 11:00:00,-10.2486,0.3185,0.3777,-26.116,13.8516,0.3642,-22.3791,22.353,-0.8917,-3.0653,10.0273,0.2026
2017/08/13 12:00:00,-10.2485,0.3185,0.3777,-26.1159,13.8515,0.3643,-22.3791,22.353,-0.8914,-3.0652,10.0273,0.2026
2017/08/13 13:00:00,-10.2486,0.3186,0.3777,-26.1158,13.8517,0.3644,-22.3788,22.3531,-0.8915,-3.0652,10.0271,0.2026
2017/08/13 14:00:00,-10.2486,0.3184,0.3777,-26.1159,13.8515,0.3642,-22.379,22.3529,-0.8916,-3.0653,10.0271,0.2026
2017/08/13 15:00:00,-10.2486,0.3185,0.3777,-26.116,13.8516,0.3642,-22.3791,22.3532,-0.8914,-3.0653,10.0273,0.2026
2017/08/13 16:00:00,-10.2486,0.3184,0.3777,-26.1159,13.8516,0.3643,-22.3791,22.3531,-0.8915,-3.0653,10.0272,0.2026
2017/08/13 17:00:00,-10.2488,0.3182,0.3777,-26.1163,13.8511,0.3644,-22.3797,22.3526,-0.8915,-3.0656,10.0272,0.2026
2017/08/13 18:00:00,-10.2488,0.3184,0.3777,-26.116,13.8517,0.3644,-22.379,22.3532,-0.8914,-3.0654,10.0273,0.2027
2017/08/13 19:00:00,-10.2487,0.3184,0.3777,-26.1161,13.8515,0.3642,-22.3792,22.353,-0.8916,-3.0654,10.027,0.2027
2017/08/13 20:00:00,-10.2487,0.3186,0.3777,-26.1159,13.8518,0.3644,-22.379,22.3533,-0.8915,-3.0652,10.0273,0.2026
2017/08/13 21:00:00,-10.2487,0.3184,0.3776,-26.1161,13.8514,0.3644,-22.3793,22.353,-0.8915,-3.0655,10.0272,0.2026
2017/08/13 22:00:00,-10.2488,0.3184,0.3776,-26.1161,13.8514,0.3642,-22.3792,22.353,-0.8914,-3.0654,10.0271,0.2025
2017/08/13 23:00:00,-10.2486,0.3183,0.3776,-26.1162,13.8512,0.3641,-22.3792,22.3528,-0.8915,-3.0654,10.0272,0.2026
2017/08/14 00:00:00,-10.2485,0.3184,0.3777,-26.116,13.8516,0.3642,-22.379,22.3531,-0.8916,-3.0653,10.0272,0.2026
2017/08/14 01:00:00,-10.2486,0.3183,0.3776,-26.116,13.8514,0.3642,-22.3792,22.3529,-0.8916,-3.0654,10.027,0.2026
2017/08/14 02:00:00,-10.2488,0.3184,0.3777,-26.1162,13.8514,0.3641,-22.3793,22.353,-0.8916,-3.0655,10.0271,0.2026
2017/08/14 03:00:00,-10.2486,0.3184,0.3776,-26.116,13.8516,0.3642,-22.379,22.353,-0.8917,-3.0653,10.0271,0.2026
2017/08/14 04:00:00,-10.2488,0.3183,0.3777,-26.1161,13.8514,0.3642,-22.3792,22.3529,-0.8917,-3.0654,10.0271,0.2026
2017/08/14 05:00:00,-10.2487,0.3183,0.3777,-26.1162,13.8514,0.3643,-22.3792,22.3529,-0.8917,-3.0654,10.027,0.2026
2017/08/14 06:00:00,-10.2486,0.3186,0.3776,-26.1158,13.8518,0.3642,-22.3787,22.3533,-0.8917,-3.0653,10.0272,0.2026
2017/08/14 07:00:00,-10.2487,0.3184,0.3776,-26.116,13.8515,0.3643,-22.3791,22.353,-0.8915,-3.0654,10.0271,0.2026
2017/08/14 08:00:00,-10.2488,0.3185,0.3776,-26.1159,13.8516,0.3645,-22.379,22.3531,-0.8914,-3.0653,10.0271,0.2026
2017/08/14 09:00:00,-10.2487,0.3184,0.3777,-26.1158,13.8515,0.3643,-22.3789,22.3531,-0.8916,-3.0653,10.0271,0.2026
2017/08/14 10:00:00,-10.2487,0.3182,0.3777,-26.116,13.8514,0.3642,-22.379,22.3528,-0.8915,-3.0654,10.0271,0.2026
2017/08/14 11:00:00,-10.2488,0.3182,0.3776,-26.1159,13.8513,0.3642,-22.3791,22.3529,-0.8917,-3.0653,10.0271,0.2025
2017/08/14 12:00:00,-10.2487,0.3181,0.3775,-26.1159,13.8512,0.3641,-22.3793,22.3529,-0.8918,-3.0653,10.0271,0.2025
2017/08/14 13:00:00,-10.2486,0.3181,0.3775,-26.116,13.8511,0.364,-22.3793,22.3529,-0.8917,-3.0654,10.0271,0.2026
2017/08/14 14:00:00,-10.2487,0.3179,0.3775,-26.1161,13.851,0.364,-22.3795,22.3526,-0.8918,-3.0655,10.0271,0.2025
2017/08/14 15:00:00,-10.2486,0.3181,0.3774,-26.1159,13.8514,0.3639,-22.3791,22.353,-0.8919,-3.0654,10.0272,0.2025
2017/08/14 16:00:00,-10.2489,0.3181,0.3774,-26.1159,13.8513,0.3639,-22.3792,22.353,-0.8918,-3.0655,10.0272,0.2025
2017/08/14 17:00:00,-10.2486,0.3181,0.3775,-26.1158,13.8514,0.364,-22.379,22.353,-0.8917,-3.0654,10.0272,0.2025
2017/08/14 18:00:00,-10.2486,0.318,0.3776,-26.116,13.8512,0.3641,-22.3793,22.3529,-0.8916,-3.0655,10.0272,0.2026
2017/08/14 19:00:00,-10.2485,0.3181,0.3775,-26.1159,13.8515,0.3641,-22.379,22.353,-0.8916,-3.0654,10.0272,0.2026
2017/08/14 20:00:00,-10.2485,0.3182,0.3776,-26.1158,13.8515,0.3643,-22.3791,22.3531,-0.8917,-3.0653,10.0273,0.2027
2017/08/14 21:00:00,-10.2486,0.3181,0.3776,-26.1159,13.8515,0.3641,-22.3792,22.3529,-0.8916,-3.0655,10.0272,0.2026
2017/08/14 22:00:00,-10.2486,0.3181,0.3777,-26.116,13.8513,0.3641,-22.3793,22.353,-0.8916,-3.0655,10.0272,0.2027
2017/08/14 23:00:00,-10.2486,0.3183,0.3776,-26.1159,13.8516,0.3643,-22.3791,22.3532,-0.8916,-3.0654,10.0273,0.2026
2017/08/15 00:00:00,-10.2486,0.3182,0.3776,-26.1161,13.8514,0.3643,-22.3792,22.3528,-0.8915,-3.0655,10.0272,0.2026
2017/08/15 01:00:00,-10.2485,0.3183,0.3776,-26.1159,13.8515,0.3643,-22.3791,22.353,-0.8915,-3.0653,10.0272,0.2026
2017/08/15 02:00:00,-10.2486,0.3183,0.3776,-26.116,13.8514,0.3641,-22.3792,22.3531,-0.8916,-3.0653,10.0272,0.2026
2017/08/15 03:00:00,-10.2486,0.3182,0.3776,-26.116,13.8512,0.3641,-22.3792,22.3528,-0.8915,-3.0654,10.0272,0.2026
2017/08/15 04:00:00,-10.2486,0.3183,0.3776,-26.1159,13.8514,0.3641,-22.379,22.353,-0.8916,-3.0653,10.0271,0.2026
2017/08/15 05:00:00,-10.2486,0.3182,0.3776,-26.1161,13.8512,0.3642,-22.3793,22.3528,-0.8915,-3.0655,10.0271,0.2026
2017/08/15 06:00:00,-10.2487,0.3182,0.3777,-26.1161,13.8513,0.3642,-22.3793,22.3529,-0.8915,-3.0655,10.0271,0.2026
2017/08/15 07:00:00,-10.2486,0.3183,0.3776,-26.116,13.8514,0.3642,-22.3792,22.353,-0.8916,-3.0654,10.0272,0.2026
2017/08/15 08:00:00,-10.2486,0.3182,0.3776,-26.1161,13.8513,0.3643,-22.3792,22.3527,-0.8916,-3.0654,10.0271,0.2026
2017/08/15 09:00:00,-10.2485,0.3183,0.3776,-26.1158,13.8515,0.3642,-22.3789,22.3529,-0.8916,-3.0653,10.0273,0.2026
2017/08/15 10:00:00,-10.2486,0.3182,0.3777,-26.1159,13.8515,0.3643,-22.379,22.3529,-0.8916,-3.0654,10.0272,0.2027
2017/08/15 11:00:00,-10.2486,0.3181,0.3775,-26.1158,13.8512,0.364,-22.3792,22.3529,-0.8917,-3.0653,10.0271,0.2025
2017/08/15 12:00:00,-10.2487,0.3181,0.3775,-26.1158,13.8513,0.364,-22.3791,22.353,-0.8917,-3.0655,10.0273,0.2024
2017/08/15 13:00:00,-10.2486,0.3181,0.3774,-26.1156,13.8514,0.364,-22.379,22.3529,-0.892,-3.0653,10.0273,0.2024
2017/08/15 14:00:00,-10.2486,0.318,0.3772,-26.1156,13.8513,0.3641,-22.3791,22.353,-0.8917,-3.0653,10.0272,0.2024
2017/08/15 15:00:00,-10.2487,0.318,0.3773,-26.1157,13.8513,0.3641,-22.3792,22.3531,-0.8915,-3.0656,10.0273,0.2024
2017/08/15 16:00:00,-10.2486,0.3179,0.3773,-26.1157,13.8514,0.3644,-22.3792,22.353,-0.8915,-3.0656,10.0273,0.2024
2017/08/15 17:00:00,-10.2485,0.318,0.3773,-26.1155,13.8516,0.3642,-22.3791,22.3533,-0.8918,-3.0655,10.0273,0.2025
2017/08/15 18:00:00,-10.2485,0.3178,0.3774,-26.116,13.8512,0.3642,-22.3794,22.3528,-0.8918,-3.0657,10.0271,0.2026
2017/08/15 19:00:00,-10.2484,0.3178,0.3774,-26.1159,13.8511,0.3642,-22.3794,22.3528,-0.8916,-3.0656,10.027,0.2026
2017/08/15 20:00:00,-10.2486,0.3179,0.3775,-26.116,13.8511,0.3642,-22.3794,22.3528,-0.8917,-3.0656,10.0271,0.2025
2017/08/15 21:00:00,-10.2484,0.3179,0.3775,-26.1159,13.8511,0.3642,-22.3793,22.3528,-0.8917,-3.0656,10.0272,0.2026
2017/08/15 22:00:00,-10.2484,0.318,0.3775,-26.1158,13.8512,0.3641,-22.3792,22.3528,-0.8917,-3.0655,10.0271,0.2026
2017/08/15 23:00:00,-10.2484,0.3182,0.3776,-26.1158,13.8514,0.3641,-22.379,22.3531,-0.8917,-3.0655,10.0273,0.2026
2017/08/16 00:00:00,-10.2485,0.318,0.3775,-26.116,13.8511,0.364,-22.3793,22.3528,-0.8918,-3.0656,10.027,0.2026
2017/08/16 01:00:00,-10.2484,0.318,0.3776,-26.1159,13.8512,0.3641,-22.3792,22.3529,-0.8918,-3.0656,10.0272,0.2026
2017/08/16 02:00:00,-10.2485,0.318,0.3776,-26.1159,13.8512,0.364,-22.3792,22.3529,-0.8918,-3.0656,10.0272,0.2026
2017/08/16 03:00:00,-10.2485,0.318,0.3776,-26.1159,13.8512,0.364,-22.3792,22.3528,-0.8918,-3.0656,10.0271,0.2027
2017/08/16 04:00:00,-10.2484,0.3181,0.3776,-26.1158,13.8512,0.364,-22.3791,22.353,-0.8918,-3.0655,10.0272,0.2027
2017/08/16 05:00:00,-10.2485,0.3181,0.3776,-26.1159,13.8513,0.364,-22.3791,22.3529,-0.8919,-3.0655,10.0271,0.2027
2017/08/16 06:00:00,-10.2485,0.3181,0.3776,-26.116,13.8512,0.3639,-22.3792,22.3528,-0.8918,-3.0656,10.0271,0.2027
2017/08/16 07:00:00,-10.2484,0.3182,0.3776,-26.1159,13.8513,0.3641,-22.3791,22.3529,-0.8915,-3.0654,10.0272,0.2026
2017/08/16 08:00:00,-10.2485,0.3181,0.3775,-26.1159,13.8512,0.3642,-22.3792,22.3527,-0.8917,-3.0655,10.0271,0.2026
2017/08/16 09:00:00,-10.2486,0.3181,0.3776,-26.1159,13.8513,0.3641,-22.3791,22.3528,-0.8917,-3.0654,10.0272,0.2026
2017/08/16 10:00:00,-10.2485,0.318,0.3776,-26.1158,13.8513,0.3642,-22.379,22.3529,-0.8916,-3.0653,10.0271,0.2026
2017/08/16 11:00:00,-10.2485,0.3179,0.3775,-26.1157,13.851,0.364,-22.379,22.3526,-0.8916,-3.0653,10.0271,0.2025
2017/08/16 12:00:00,-10.2486,0.3179,0.3774,-26.1158,13.8512,0.3641,-22.379,22.3527,-0.8916,-3.0654,10.0272,0.2025
2017/08/16 13:00:00,-10.2486,0.3179,0.3774,-26.1157,13.8514,0.3641,-22.379,22.3531,-0.8917,-3.0654,10.0273,0.2026
2017/08/16 14:00:00,-10.2485,0.3179,0.3773,-26.1158,13.8513,0.364,-22.3792,22.3528,-0.892,-3.0655,10.0273,0.2024
2017/08/16 15:00:00,-10.2486,0.3177,0.3773,-26.1159,13.8511,0.3641,-22.3793,22.3527,-0.8917,-3.0656,10.0271,0.2024
2017/08/16 16:00:00,-10.2484,0.3178,0.3773,-26.1156,13.8514,0.3642,-22.3791,22.353,-0.8916,-3.0655,10.0273,0.2024
2017/08/16 17:00:00,-10.2485,0.3179,0.3773,-26.1156,13.8514,0.3641,-22.379,22.3532,-0.8916,-3.0655,10.0272,0.2025
2017/08/16 18:00:00,-10.2484,0.3179,0.3774,-26.1156,13.8514,0.364,-22.379,22.3532,-0.8918,-3.0655,10.0273,0.2026
2017/08/16 19:00:00,-10.2484,0.3177,0.3775,-26.1159,13.8511,0.3641,-22.3794,22.3529,-0.8917,-3.0657,10.0271,0.2026
2017/08/16 20:00:00,-10.2484,0.3179,0.3775,-26.116,13.8512,0.3642,-22.3794,22.3529,-0.8917,-3.0656,10.0272,0.2026
2017/08/16 21:00:00,-10.2484,0.318,0.3775,-26.1158,13.8512,0.3642,-22.3792,22.3529,-0.8918,-3.0655,10.0273,0.2027
2017/08/16 22:00:00,-10.2484,0.3179,0.3776,-26.1158,13.8512,0.3641,-22.3791,22.3529,-0.8917,-3.0656,10.0272,0.2027
2017/08/16 23:00:00,-10.2482,0.318,0.3776,-26.1157,13.8513,0.364,-22.3789,22.3532,-0.8917,-3.0654,10.0272,0.2027
2017/08/17 00:00:00,-10.2483,0.318,0.3776,-26.1158,13.8512,0.3638,-22.3791,22.3528,-0.8919,-3.0655,10.0272,0.2027
2017/08/17 01:00:00,-10.2484,0.318,0.3776,-26.1157,13.8512,0.3641,-22.3789,22.3529,-0.8918,-3.0655,10.0272,0.2027
2017/08/17 02:00:00,-10.2483,0.318,0.3777,-26.1157,13.8513,0.3641,-22.3789,22.353,-0.8918,-3.0654,10.027,0.2027
2017/08/17 03:00:00,-10.2483,0.318,0.3777,-26.1158,13.8512,0.364,-22.379,22.3529,-0.8917,-3.0655,10.0271,0.2027
2017/08/17 04:00:00,-10.2484,0.3181,0.3776,-26.1157,13.8513,0.364,-22.379,22.3531,-0.8919,-3.0655,10.0272,0.2027
2017/08/17 05:00:00,-10.2483,0.3181,0.3776,-26.1156,13.8515,0.364,-22.3788,22.3531,-0.8919,-3.0653,10.0272,0.2026
2017/08/17 06:00:00,-10.2484,0.318,0.3776,-26.1159,13.8511,0.364,-22.3791,22.3528,-0.8918,-3.0655,10.0271,0.2026
2017/08/17 07:00:00,-10.2484,0.3181,0.3777,-26.1157,13.8514,0.3641,-22.3788,22.3529,-0.8917,-3.0653,10.0271,0.2027
2017/08/17 08:00:00,-10.2484,0.3179,0.3776,-26.1159,13.851,0.3641,-22.3791,22.3527,-0.8916,-3.0655,10.0271,0.2026
2017/08/17 09:00:00,-10.2483,0.3182,0.3776,-26.1157,13.8513,0.3643,-22.3791,22.3529,-0.8916,-3.0654,10.0273,0.2026
2017/08/17 10:00:00,-10.2483,0.3182,0.3776,-26.1158,13.8514,0.3643,-22.379,22.3529,-0.8917,-3.0653,10.0273,0.2027
2017/08/17 11:00:00,-10.2484,0.318,0.3776,-26.1158,13.8511,0.364,-22.3791,22.3528,-0.8917,-3.0654,10.0271,0.2025
2017/08/17 12:00:00,-10.2483,0.3181,0.3775,-26.1156,13.8514,0.3641,-22.3788,22.353,-0.8918,-3.0652,10.0273,0.2025
2017/08/17 13:00:00,-10.2483,0.318,0.3775,-26.1156,13.8514,0.3641,-22.379,22.353,-0.8917,-3.0653,10.0272,0.2026
2017/08/17 14:00:00,-10.2484,0.318,0.3775,-26.1158,13.8513,0.364,-22.379,22.3529,-0.8918,-3.0653,10.0273,0.2026
2017/08/17 15:00:00,-10.2484,0.3179,0.3776,-26.1157,13.8512,0.3642,-22.379,22.3529,-0.8917,-3.0653,10.0271,0.2026
2017/08/17 16:00:00,-10.2485,0.3179,0.3776,-26.1159,13.8513,0.3642,-22.379,22.3528,-0.8916,-3.0654,10.0271,0.2027
2017/08/17 17:00:00,-10.2483,0.3179,0.3776,-26.1156,13.8512,0.364,-22.379,22.3529,-0.8916,-3.0654,10.0272,0.2026
2017/08/17 18:00:00,-10.2485,0.3179,0.3776,-26.1158,13.8511,0.3643,-22.379,22.3526,-0.8916,-3.0654,10.0272,0.2027
2017/08/17 19:00:00,-10.2483,0.3181,0.3776,-26.1156,13.8514,0.3642,-22.3789,22.3531,-0.8915,-3.0653,10.0271,0.2026
2017/08/17 20:00:00,-10.2482,0.3182,0.3776,-26.1156,13.8514,0.3641,-22.3787,22.353,-0.8914,-3.0653,10.0272,0.2027
2017/08/17 21:00:00,-10.2484,0.318,0.3776,-26.1158,13.8512,0.3642,-22.379,22.3529,-0.8916,-3.0655,10.0271,0.2027
2017/08/17 22:00:00,-10.2483,0.3181,0.3776,-26.1159,13.8513,0.3642,-22.379,22.353,-0.8916,-3.0654,10.0272,0.2027
2017/08/17 23:00:00,-10.2483,0.3182,0.3777,-26.1157,13.8515,0.3643,-22.3788,22.353,-0.8915,-3.0654,10.0273,0.2027
2017/08/18 00:00:00,-10.2484,0.3181,0.3776,-26.1157,13.8511,0.3642,-22.3791,22.3528,-0.8915,-3.0654,10.0272,0.2027
2017/08/18 01:00:00,-10.2484,0.3181,0.3776,-26.1158,13.8512,0.3643,-22.379,22.3529,-0.8914,-3.0653,10.0271,0.2026
2017/08/18 02:00:00,-10.2484,0.318,0.3776,-26.1158,13.8512,0.3642,-22.379,22.3528,-0.8916,-3.0654,10.0271,0.2027
2017/08/18 03:00:00,-10.2484,0.3181,0.3776,-26.1158,13.8513,0.3641,-22.3789,22.353,-0.8917,-3.0654,10.0271,0.2026
2017/08/18 04:00:00,-10.2483,0.3182,0.3777,-26.1157,13.8514,0.3642,-22.3787,22.3529,-0.8916,-3.0653,10.0271,0.2027
2017/08/18 05:00:00,-10.2484,0.3181,0.3776,-26.1157,13.8512,0.3641,-22.379,22.3528,-0.8917,-3.0654,10.0271,0.2027
2017/08/18 06:00:00,-10.2484,0.3182,0.3776,-26.1158,13.8513,0.364,-22.3789,22.3528,-0.8919,-3.0653,10.0271,0.2027
2017/08/18 07:00:00,-10.2483,0.3182,0.3776,-26.1158,13.8512,0.3639,-22.379,22.3527,-0.8917,-3.0653,10.0271,0.2025
2017/08/18 08:00:00,-10.2482,0.3182,0.3776,-26.1157,13.8512,0.3643,-22.3789,22.3528,-0.8915,-3.0653,10.0272,0.2026
2017/08/18 09:00:00,-10.2485,0.3181,0.3776,-26.1156,13.8513,0.3641,-22.3789,22.353,-0.8916,-3.0653,10.0271,0.2025
2017/08/18 10:00:00,-10.2483,0.3181,0.3776,-26.1156,13.8513,0.364,-22.3789,22.353,-0.8916,-3.0652,10.0272,0.2026
2017/08/18 11:00:00,-10.2485,0.3179,0.3775,-26.1158,13.8511,0.3641,-22.3791,22.3526,-0.8916,-3.0654,10.027,0.2025
2017/08/18 12:00:00,-10.2486,0.3178,0.3775,-26.1157,13.8511,0.364,-22.379,22.3527,-0.8914,-3.0654,10.0271,0.2026
2017/08/18 13:00:00,-10.2485,0.3178,0.3775,-26.1157,13.8511,0.3643,-22.3792,22.3526,-0.8916,-3.0655,10.0271,0.2026
2017/08/18 14:00:00,-10.2485,0.3178,0.3775,-26.1157,13.8512,0.3642,-22.379,22.3528,-0.8916,-3.0654,10.0272,0.2026
2017/08/18 15:00:00,-10.2483,0.3178,0.3775,-26.1157,13.8512,0.3642,-22.379,22.3528,-0.8917,-3.0655,10.0272,0.2026
2017/08/18 16:00:00,-10.2483,0.3179,0.3774,-26.1154,13.8513,0.364,-22.3789,22.353,-0.8918,-3.0654,10.0273,0.2025
2017/08/18 17:00:00,-10.2485,0.3177,0.3774,-26.1158,13.8511,0.3641,-22.3792,22.3529,-0.8918,-3.0656,10.0271,0.2026
2017/08/18 18:00:00,-10.2481,0.3178,0.3775,-26.1156,13.8513,0.364,-22.3791,22.3529,-0.8918,-3.0654,10.0271,0.2026
2017/08/18 19:00:00,-10.2482,0.3179,0.3776,-26.1157,13.8513,0.3641,-22.379,22.353,-0.8916,-3.0654,10.0272,0.2026
2017/08/18 20:00:00,-10.2485,0.3178,0.3776,-26.1158,13.851,0.3641,-22.3792,22.3526,-0.8918,-3.0656,10.0272,0.2027
2017/08/18 21:00:00,-10.2482,0.3178,0.3776,-26.1158,13.851,0.3642,-22.3792,22.3527,-0.8917,-3.0655,10.0272,0.2027
2017/08/18 22:00:00,-10.2483,0.3178,0.3777,-26.116,13.8509,0.3642,-22.3795,22.3525,-0.8917,-3.0656,10.0272,0.2028
2017/08/18 23:00:00,-10.2483,0.3179,0.3776,-26.1159,13.851,0.3641,-22.3792,22.3527,-0.8915,-3.0656,10.0272,0.2027
2017/08/19 00:00:00,-10.2483,0.3179,0.3777,-26.1159,13.851,0.3639,-22.3791,22.3528,-0.8916,-3.0655,10.0271,0.2027
2017/08/19 01:00:00,-10.2483,0.3179,0.3776,-26.1158,13.8509,0.364,-22.3791,22.3527,-0.8917,-3.0654,10.0269,0.2027
2017/08/19 02:00:00,-10.2483,0.318,0.3777,-26.1157,13.8512,0.3641,-22.379,22.3529,-0.8918,-3.0654,10.0272,0.2027
2017/08/19 03:00:00,-10.2483,0.318,0.3777,-26.1159,13.8511,0.3641,-22.3791,22.3529,-0.8918,-3.0654,10.0272,0.2028
2017/08/19 04:00:00,-10.2484,0.3181,0.3777,-26.1159,13.8513,0.3639,-22.379,22.353,-0.8918,-3.0654,10.0271,0.2027
2017/08/19 05:00:00,-10.2483,0.3181,0.3777,-26.1158,13.8513,0.364,-22.3788,22.3529,-0.8918,-3.0653,10.0272,0.2027
2017/08/19 06:00:00,-10.2483,0.318,0.3777,-26.1158,13.8511,0.3638,-22.379,22.3528,-0.8919,-3.0654,10.027,0.2027
2017/08/19 07:00:00,-10.2485,0.3181,0.3777,-26.1158,13.8513,0.3643,-22.379,22.3529,-0.8916,-3.0654,10.0271,0.2027
2017/08/19 08:00:00,-10.2484,0.318,0.3776,-26.1158,13.851,0.3641,-22.3791,22.3527,-0.8915,-3.0654,10.0271,0.2026
2017/08/19 09:00:00,-10.2484,0.3179,0.3776,-26.1158,13.8511,0.3642,-22.379,22.3526,-0.8915,-3.0654,10.027,0.2027
2017/08/19 10:00:00,-10.2484,0.3179,0.3775,-26.1157,13.8511,0.3641,-22.3788,22.3528,-0.8917,-3.0653,10.0272,0.2026
2017/08/19 11:00:00,-10.2486,0.3179,0.3774,-26.1158,13.851,0.3638,-22.3791,22.3527,-0.8917,-3.0654,10.0272,0.2025
2017/08/19 12:00:00,-10.2486,0.3179,0.3774,-26.1157,13.8513,0.3641,-22.379,22.3529,-0.8916,-3.0654,10.0272,0.2025
2017/08/19 13:00:00,-10.2485,0.3177,0.3774,-26.1158,13.851,0.3643,-22.3794,22.3526,-0.8917,-3.0655,10.0272,0.2026
2017/08/19 14:00:00,-10.2484,0.3177,0.3773,-26.1157,13.851,0.364,-22.3791,22.3526,-0.8919,-3.0654,10.0273,0.2024
2017/08/19 15:00:00,-10.2484,0.3177,0.3773,-26.1158,13.8512,0.364,-22.3791,22.3529,-0.8914,-3.0656,10.0273,0.2024
2017/08/19 16:00:00,-10.2485,0.3178,0.3772,-26.1157,13.8512,0.3642,-22.379,22.3529,-0.8914,-3.0655,10.0273,0.2024
2017/08/19 17:00:00,-10.2483,0.3179,0.3773,-26.1157,13.8514,0.3642,-22.3791,22.3532,-0.8917,-3.0655,10.0273,0.2025
2017/08/19 18:00:00,-10.2484,0.3177,0.3774,-26.1157,13.8511,0.3641,-22.3792,22.3528,-0.8918,-3.0656,10.0272,0.2026
2017/08/19 19:00:00,-10.2484,0.3176,0.3775,-26.1158,13.851,0.3642,-22.3791,22.3528,-0.8917,-3.0657,10.0272,0.2026
2017/08/19 20:00:00,-10.2484,0.3176,0.3775,-26.1159,13.851,0.3642,-22.3793,22.3527,-0.8916,-3.0657,10.0271,0.2027
2017/08/19 21:00:00,-10.2483,0.3177,0.3775,-26.1159,13.8509,0.3642,-22.3794,22.3526,-0.8917,-3.0657,10.0271,0.2027
2017/08/19 22:00:00,-10.2482,0.3178,0.3775,-26.1157,13.851,0.364,-22.3792,22.3527,-0.8916,-3.0655,10.0272,0.2027
2017/08/19 23:00:00,-10.2481,0.3178,0.3776,-26.1157,13.8511,0.3642,-22.3792,22.3527,-0.8916,-3.0656,10.0272,0.2028
2017/08/20 00:00:00,-10.2483,0.3178,0.3777,-26.1158,13.8509,0.3642,-22.3793,22.3527,-0.8917,-3.0657,10.027,0.2027
2017/08/20 01:00:00,-10.2483,0.3178,0.3776,-26.116,13.8509,0.364,-22.3793,22.3526,-0.8917,-3.0656,10.0271,0.2027
2017/08/20 02:00:00,-10.2482,0.3179,0.3777,-26.116,13.8511,0.3642,-22.3792,22.3527,-0.8916,-3.0656,10.0272,0.2027
2017/08/20 03:00:00,-10.2483,0.318,0.3777,-26.1158,13.8511,0.3641,-22.3791,22.3528,-0.8916,-3.0655,10.0272,0.2028
2017/08/20 04:00:00,-10.2483,0.3179,0.3777,-26.1159,13.8511,0.3641,-22.3791,22.3528,-0.8917,-3.0656,10.0272,0.2028
2017/08/20 05:00:00,-10.2482,0.318,0.3777,-26.1159,13.8511,0.3641,-22.379,22.3528,-0.8916,-3.0655,10.0271,0.2028
2017/08/20 06:00:00,-10.2483,0.3181,0.3777,-26.1158,13.8513,0.3641,-22.3789,22.353,-0.8917,-3.0654,10.0272,0.2027
2017/08/20 07:00:00,-10.2483,0.318,0.3776,-26.1159,13.851,0.3641,-22.3792,22.3525,-0.8919,-3.0656,10.0271,0.2027
2017/08/20 08:00:00,-10.2483,0.318,0.3776,-26.1159,13.8512,0.3643,-22.379,22.3528,-0.8915,-3.0655,10.0271,0.2027
2017/08/20 09:00:00,-10.2483,0.3179,0.3776,-26.1157,13.851,0.3642,-22.379,22.3526,-0.8915,-3.0654,10.0271,0.2026
2017/08/20 10:00:00,-10.2483,0.3179,0.3775,-26.1156,13.8511,0.3641,-22.3789,22.3526,-0.8915,-3.0653,10.0271,0.2026
2017/08/20 11:00:00,-10.2483,0.3177,0.3775,-26.1158,13.8508,0.364,-22.3791,22.3523,-0.8918,-3.0654,10.027,0.2026
2017/08/20 12:00:00,-10.2486,0.3177,0.3775,-26.1156,13.8511,0.3643,-22.3791,22.3526,-0.8916,-3.0655,10.0272,0.2026
2017/08/20 13:00:00,-10.2483,0.3179,0.3774,-26.1156,13.8514,0.3641,-22.379,22.353,-0.8917,-3.0655,10.0273,0.2026
2017/08/20 14:00:00,-10.2483,0.3177,0.3773,-26.1158,13.851,0.364,-22.3793,22.3526,-0.8918,-3.0657,10.0272,0.2025
2017/08/20 15:00:00,-10.2485,0.3176,0.3773,-26.1156,13.8509,0.364,-22.3793,22.3525,-0.8918,-3.0656,10.0271,0.2025
2017/08/20 16:00:00,-10.2482,0.3176,0.3773,-26.1158,13.851,0.3641,-22.3794,22.3526,-0.8919,-3.0657,10.0273,0.2025
2017/08/20 17:00:00,-10.2483,0.3177,0.3774,-26.1157,13.8511,0.364,-22.3791,22.3529,-0.8919,-3.0657,10.0272,0.2026
2017/08/20 18:00:00,-10.2484,0.3175,0.3774,-26.1159,13.851,0.3641,-22.3794,22.3526,-0.8918,-3.0658,10.0272,0.2027
2017/08/20 19:00:00,-10.2481,0.3176,0.3775,-26.1158,13.8509,0.3642,-22.3792,22.3525,-0.8917,-3.0656,10.0271,0.2027
2017/08/20 20:00:00,-10.2481,0.3176,0.3775,-26.1158,13.8507,0.3641,-22.3794,22.3526,-0.8917,-3.0657,10.0271,0.2027
2017/08/20 21:00:00,-10.2481,0.3178,0.3776,-26.1157,13.8509,0.3641,-22.3792,22.3526,-0.8916,-3.0657,10.0272,0.2027
2017/08/20 22:00:00,-10.248,0.3178,0.3776,-26.1158,13.8509,0.364,-22.3791,22.3526,-0.8917,-3.0655,10.0271,0.2027
2017/08/20 23:00:00,-10.2481,0.3178,0.3776,-26.1158,13.8509,0.3642,-22.3792,22.3527,-0.8915,-3.0656,10.0271,0.2028
2017/08/21 00:00:00,-10.2483,0.3178,0.3777,-26.116,13.8509,0.364,-22.3792,22.3527,-0.8917,-3.0657,10.0272,0.2028
2017/08/21 01:00:00,-10.2481,0.3179,0.3777,-26.1157,13.8509,0.3638,-22.3791,22.3526,-0.8919,-3.0655,10.0272,0.2028
2017/08/21 02:00:00,-10.2483,0.3178,0.3777,-26.1159,13.8509,0.364,-22.3792,22.3526,-0.8919,-3.0657,10.027,0.2027
2017/08/21 03:00:00,-10.2481,0.318,0.3777,-26.1158,13.8512,0.3638,-22.3788,22.3529,-0.8919,-3.0655,10.0271,0.2027
2017/08/21 04:00:00,-10.2482,0.3179,0.3777,-26.1159,13.8509,0.3639,-22.3791,22.3526,-0.8919,-3.0656,10.027,0.2028
2017/08/21 05:00:00,-10.2482,0.3178,0.3778,-26.116,13.8508,0.3638,-22.3793,22.3524,-0.8919,-3.0657,10.027,0.2028
2017/08/21 06:00:00,-10.2482,0.318,0.3777,-26.1159,13.851,0.3639,-22.3791,22.3526,-0.8919,-3.0656,10.0271,0.2027
2017/08/21 07:00:00,-10.2482,0.3179,0.3776,-26.1158,13.851,0.3642,-22.379,22.3527,-0.8913,-3.0655,10.027,0.2027
2017/08/21 08:00:00,-10.2483,0.3179,0.3776,-26.1158,13.8509,0.3641,-22.3789,22.3527,-0.8913,-3.0655,10.027,0.2027
2017/08/21 09:00:00,-10.2483,0.3177,0.3776,-26.1158,13.8508,0.3641,-22.379,22.3525,-0.8916,-3.0655,10.0269,0.2026
2017/08/21 10:00:00,-10.2482,0.3177,0.3776,-26.1159,13.8509,0.3641,-22.3791,22.3524,-0.8914,-3.0654,10.0271,0.2026
2017/08/21 11:00:00,-10.2482,0.3177,0.3774,-26.1157,13.8509,0.3639,-22.3791,22.3525,-0.8917,-3.0654,10.0271,0.2026
2017/08/21 12:00:00,-10.2484,0.3177,0.3775,-26.1157,13.851,0.3639,-22.3791,22.3525,-0.8921,-3.0655,10.0272,0.2026
2017/08/21 13:00:00,-10.2483,0.3178,0.3774,-26.1156,13.8511,0.3641,-22.3789,22.3527,-0.8918,-3.0654,10.0272,0.2026
2017/08/21 14:00:00,-10.2482,0.3177,0.3774,-26.1156,13.8509,0.3642,-22.3792,22.3525,-0.8919,-3.0656,10.0272,0.2025
2017/08/21 15:00:00,-10.2483,0.3176,0.3771,-26.1157,13.8508,0.3639,-22.3793,22.3525,-0.8917,-3.0657,10.0272,0.2024
2017/08/21 16:00:00,-10.2483,0.3177,0.3772,-26.1156,13.851,0.3642,-22.3792,22.3527,-0.8918,-3.0657,10.0273,0.2025
2017/08/21 17:00:00,-10.2482,0.3176,0.3773,-26.1157,13.851,0.3641,-22.3792,22.3525,-0.8918,-3.0657,10.0272,0.2025
2017/08/21 18:00:00,-10.2482,0.3175,0.3774,-26.1158,13.8508,0.3641,-22.3793,22.3526,-0.8917,-3.0659,10.0271,0.2027
2017/08/21 19:00:00,-10.2481,0.3176,0.3775,-26.1156,13.8511,0.364,-22.379,22.3528,-0.8918,-3.0657,10.0272,0.2027
2017/08/21 20:00:00,-10.248,0.3176,0.3775,-26.1157,13.8509,0.3641,-22.3791,22.3527,-0.8916,-3.0657,10.0271,0.2027
2017/08/21 21:00:00,-10.248,0.3177,0.3775,-26.1157,13.8511,0.3641,-22.379,22.3527,-0.8917,-3.0657,10.0271,0.2027
2017/08/21 22:00:00,-10.248,0.3176,0.3775,-26.1157,13.8507,0.3639,-22.3792,22.3524,-0.8917,-3.0656,10.0269,0.2027
2017/08/21 23:00:00,-10.248,0.3177,0.3775,-26.1157,13.8508,0.364,-22.3791,22.3525,-0.8916,-3.0657,10.0269,0.2027
2017/08/22 00:00:00,-10.248,0.3176,0.3775,-26.1158,13.8508,0.3641,-22.3792,22.3524,-0.8916,-3.0657,10.0269,0.2027
2017/08/22 01:00:00,-10.248,0.3178,0.3775,-26.1156,13.851,0.3641,-22.3789,22.3525,-0.8915,-3.0656,10.027,0.2027
2017/08/22 02:00:00,-10.248,0.3179,0.3776,-26.1156,13.8511,0.3641,-22.3789,22.3527,-0.8916,-3.0655,10.0271,0.2027
2017/08/22 03:00:00,-10.2481,0.3176,0.3776,-26.1158,13.8507,0.3642,-22.3791,22.3523,-0.8915,-3.0657,10.027,0.2027
2017/08/22 04:00:00,-10.2482,0.3177,0.3776,-26.1161,13.8505,0.3639,-22.3792,22.3521,-0.8917,-3.0658,10.027,0.2027
2017/08/22 05:00:00,-10.2481,0.3178,0.3776,-26.1158,13.8507,0.3641,-22.3792,22.3524,-0.8917,-3.0657,10.0269,0.2027
2017/08/22 06:00:00,-10.248,0.3178,0.3776,-26.1158,13.8506,0.364,-22.3792,22.3524,-0.8916,-3.0656,10.0269,0.2027
2017/08/22 07:00:00,-10.248,0.318,0.3777,-26.1157,13.8509,0.3642,-22.3791,22.3525,-0.8916,-3.0656,10.0271,0.2027
2017/08/22 08:00:00,-10.2481,0.3178,0.3776,-26.1158,13.8506,0.3641,-22.3793,22.3522,-0.8916,-3.0657,10.0269,0.2026
2017/08/22 09:00:00,-10.2481,0.3179,0.3776,-26.1156,13.851,0.3641,-22.3789,22.3525,-0.8915,-3.0656,10.0271,0.2027
2017/08/22 10:00:00,-10.2482,0.3178,0.3777,-26.1158,13.8507,0.3643,-22.3792,22.3522,-0.8918,-3.0657,10.027,0.2027
2017/08/22 11:00:00,-10.2482,0.3179,0.3776,-26.1159,13.8507,0.3641,-22.3793,22.3524,-0.8916,-3.0657,10.0269,0.2027
2017/08/22 12:00:00,-10.2482,0.3179,0.3776,-26.1159,13.8508,0.3639,-22.3791,22.3524,-0.8917,-3.0657,10.027,0.2027
2017/08/22 13:00:00,-10.2482,0.3179,0.3776,-26.116,13.8506,0.3643,-22.3793,22.3522,-0.8915,-3.0658,10.0269,0.2027
2017/08/22 14:00:00,-10.2481,0.3178,0.3776,-26.1159,13.8506,0.3642,-22.3792,22.3522,-0.8915,-3.0658,10.027,0.2027
2017/08/22 15:00:00,-10.2484,0.3177,0.3776,-26.1161,13.8505,0.3642,-22.3792,22.3521,-0.8915,-3.0659,10.0269,0.2027
2017/08/22 16:00:00,-10.2482,0.3178,0.3776,-26.1158,13.8508,0.3642,-22.3792,22.3523,-0.8915,-3.0657,10.0269,0.2027
2017/08/22 17:00:00,-10.2482,0.3177,0.3776,-26.1158,13.8506,0.3642,-22.3791,22.3522,-0.8914,-3.0657,10.0268,0.2027
2017/08/22 18:00:00,-10.2482,0.3178,0.3776,-26.1159,13.8508,0.3641,-22.3792,22.3522,-0.8916,-3.0657,10.0269,0.2027
2017/08/22 19:00:00,-10.2482,0.3177,0.3776,-26.1159,13.8507,0.3639,-22.3791,22.3523,-0.8917,-3.0657,10.0269,0.2026
2017/08/22 20:00:00,-10.2482,0.3178,0.3776,-26.1158,13.8509,0.3641,-22.379,22.3524,-0.8915,-3.0656,10.0269,0.2027
2017/08/22 21:00:00,-10.2483,0.3177,0.3776,-26.1159,13.8506,0.3639,-22.3792,22.3522,-0.8918,-3.0658,10.0268,0.2026
2017/08/22 22:00:00,-10.2483,0.3177,0.3776,-26.1159,13.8507,0.364,-22.3791,22.3524,-0.8916,-3.0657,10.0268,0.2027
2017/08/22 23:00:00,-10.2482,0.3178,0.3776,-26.1159,13.8507,0.364,-22.3791,22.3523,-0.8918,-3.0656,10.0269,0.2027
2017/08/23 00:00:00,-10.2482,0.3178,0.3776,-26.1158,13.8509,0.3641,-22.3789,22.3525,-0.8916,-3.0656,10.027,0.2027
2017/08/23 01:00:00,-10.2483,0.3177,0.3776,-26.1159,13.8507,0.3641,-22.3792,22.3524,-0.8917,-3.0657,10.0269,0.2027
2017/08/23 02:00:00,-10.2483,0.3177,0.3776,-26.116,13.8507,0.364,-22.3792,22.3521,-0.8918,-3.0657,10.0269,0.2027
2017/08/23 03:00:00,-10.2483,0.3177,0.3776,-26.1158,13.8508,0.3641,-22.3791,22.3523,-0.8917,-3.0657,10.0268,0.2026
2017/08/23 04:00:00,-10.2483,0.3178,0.3776,-26.1158,13.8511,0.3641,-22.3789,22.3525,-0.8917,-3.0656,10.0268,0.2027
2017/08/23 05:00:00,-10.2483,0.3179,0.3776,-26.1157,13.851,0.364,-22.3789,22.3526,-0.8917,-3.0656,10.0269,0.2026
2017/08/23 06:00:00,-10.2483,0.318,0.3776,-26.1156,13.8511,0.3641,-22.3787,22.3525,-0.8917,-3.0655,10.027,0.2027
2017/08/23 07:00:00,-10.2482,0.3178,0.3776,-26.1157,13.8509,0.3639,-22.3788,22.3525,-0.8917,-3.0655,10.0268,0.2026
2017/08/23 08:00:00,-10.2484,0.3177,0.3775,-26.1159,13.8508,0.3641,-22.3792,22.3523,-0.8918,-3.0657,10.027,0.2026
2017/08/23 09:00:00,-10.2486,0.3177,0.3774,-26.1158,13.8508,0.3641,-22.3792,22.3522,-0.8916,-3.0657,10.0269,0.2025
2017/08/23 10:00:00,-10.2484,0.3177,0.3775,-26.1158,13.8508,0.3641,-22.3792,22.3523,-0.8915,-3.0657,10.027,0.2025
2017/08/23 11:00:00,-10.2485,0.3175,0.3774,-26.1161,13.8505,0.3645,-22.3796,22.3521,-0.891,-3.0658,10.0269,0.2025
2017/08/23 12:00:00,-10.2486,0.3176,0.3773,25.0529348551163,15.6919560477748,0.3645,30.5472864279301,8.20525212653428,-0.891,-3.0656,10.0269,0.2025
2017/08/23 13:00:00,-10.2483,0.3175,0.3772,-26.1156,13.8508,0.3647,-8.16768642793003,-30.5573521265343,-0.891,-3.0657,10.027,0.2024
2017/08/23 14:00:00,-10.2482,0.3173,0.3771,-26.1158,13.8504,0.3647,-22.3796000000001,22.3520999999999,-0.891,-3.0658,10.0269,0.2023
2017/08/23 15:00:00,-10.2481,0.3174,0.3771,-26.1157,13.8505,0.3647,30.5472864279301,8.20525212653446,-0.891,-3.0657,10.027,0.2024
2017/08/23 16:00:00,-10.2483,0.3174,0.3771,-26.1157,13.8506,0.3645,-8.16768642792985,-30.5573521265343,-0.891,-3.0657,10.0269,0.2023
2017/08/23 17:00:00,-10.2483,0.3173,0.3771,-26.1158,13.8505,0.3644,-22.3796000000003,22.3520999999997,-0.891,-3.0659,10.0269,0.2023
2017/08/23 18:00:00,-10.2481,0.3173,0.3771,-26.1157,13.8505,0.3647,30.54728642793,8.20525212653464,-0.891,-3.0658,10.027,0.2023
2017/08/23 19:00:00,-10.2482,0.3173,0.3771,-26.1157,13.8505,0.3643,-8.16768642792967,-30.5573521265343,-0.891,-3.0659,10.0269,0.2023
2017/08/23 20:00:00,-10.2482,0.3173,0.3771,-26.1156,13.8511,0.3645,-22.3796000000004,22.3520999999996,-0.891,-3.0659,10.027,0.2024
2017/08/23 21:00:00,-10.2483,0.3173,0.3772,-26.1157,13.8507,0.3641,30.54728642793,8.20525212653482,-0.891,-3.0659,10.0269,0.2024
2017/08/23 22:00:00,-10.2483,0.3173,0.3772,-26.1158,13.8506,0.3641,-8.16768642792949,-30.5573521265344,-0.891,-3.0659,10.0269,0.2024
2017/08/23 23:00:00,-10.2483,0.3173,0.3771,-26.1157,13.8507,0.364,-22.3796000000005,22.3520999999995,-0.891,-3.0659,10.0269,0.2024
2017/08/24 00:00:00,-10.2484,0.3173,0.3772,-26.1158,13.8508,0.364,30.5472864279299,8.205252126535,-0.891,-3.0659,10.027,0.2024
2017/08/24 01:00:00,-10.2482,0.3173,0.3771,-26.1158,13.8506,0.3638,-8.1676864279293,-30.5573521265344,-0.891,-3.0659,10.0269,0.2023
2017/08/24 02:00:00,-10.2483,0.3174,0.3771,-26.1158,13.8508,0.3637,-22.3796000000007,22.3520999999993,-0.891,-3.0659,10.0269,0.2023
2017/08/24 03:00:00,-10.2482,0.3174,0.3771,-26.1158,13.8507,0.3638,30.5472864279299,8.20525212653518,-0.891,-3.0659,10.0269,0.2023
2017/08/24 04:00:00,-10.2482,0.3174,0.3771,-26.1159,13.8508,0.3638,-8.16768642792912,-30.5573521265345,-0.891,-3.0659,10.0269,0.2022
2017/08/24 05:00:00,-10.2482,0.3174,0.377,-26.1158,13.8508,0.3638,-22.3796000000008,22.3520999999992,-0.891,-3.0659,10.0268,0.2022
2017/08/24 06:00:00,-10.2482,0.3174,0.377,-26.116,13.8505,0.3637,30.5472864279298,8.20525212653537,-0.891,-3.0659,10.0269,0.2022
2017/08/24 07:00:00,-10.2482,0.3174,0.377,-26.1159,13.8507,0.3638,-8.16768642792894,-30.5573521265345,-0.891,-3.0659,10.0269,0.2022
2017/08/24 08:00:00,-10.2482,0.3174,0.377,-26.1159,13.8505,0.3638,-22.3796000000009,22.3520999999991,-0.891,-3.0659,10.0268,0.2022
2017/08/24 09:00:00,-10.2481,0.3175,0.3774,-26.1157,13.8506,0.3642,30.5472864279298,8.20525212653554,-0.891,-3.0658,10.0268,0.2026
2017/08/24 10:00:00,-10.2481,0.3175,0.3774,-26.1157,13.8507,0.3642,-8.16768642792876,-30.5573521265346,-0.891,-3.0658,10.0269,0.2025
2017/08/24 11:00:00,-10.2481,0.3174,0.3774,-26.1158,13.8503,0.3643,-22.379600000001,22.3520999999989,-0.891,-3.0658,10.0269,0.2025
2017/08/24 12:00:00,-10.2481,0.3174,0.3774,-26.1158,13.8505,0.3641,30.5472864279297,8.20525212653572,-0.891,-3.0657,10.0268,0.2025
2017/08/24 13:00:00,-10.2482,0.3174,0.3774,-26.1158,13.8506,0.3639,-8.16768642792858,-30.5573521265346,-0.891,-3.0658,10.0268,0.2025
2017/08/24 14:00:00,-10.2484,0.3175,0.3775,-26.1158,13.8508,0.3642,-22.3796000000012,22.3520999999988,-0.891,-3.0658,10.0269,0.2026
2017/08/24 15:00:00,-10.2482,0.3175,0.3775,25.0530446627375,15.6915462401537,0.3642,-22.3791,22.3524,-0.8917,-3.0657,10.0269,0.2026
2017/08/24 16:00:00,-10.2482,0.3175,0.3775,-26.1157,13.8507,0.3642,-22.3791,22.3524,-0.8915,-3.0658,10.0269,0.2026
2017/08/24 17:00:00,-10.2483,0.3176,0.3775,-26.1156,13.851,0.3643,-22.3789,22.3526,-0.8912,-3.0657,10.027,0.2026
2017/08/24 18:00:00,-10.2481,0.3175,0.3774,-26.1158,13.8507,0.3641,-22.3792,22.3523,-0.8917,-3.0657,10.0269,0.2026
2017/08/24 19:00:00,-10.2483,0.3175,0.3775,-26.1157,13.8508,0.3641,-22.379,22.3523,-0.8916,-3.0658,10.0269,0.2026
2017/08/24 20:00:00,-10.2482,0.3175,0.3775,-26.1157,13.8509,0.3642,-22.379,22.3525,-0.8915,-3.0657,10.0269,0.2026
2017/08/24 21:00:00,-10.2481,0.3175,0.3775,-26.1158,13.8506,0.3641,-22.379,22.3522,-0.8916,-3.0657,10.0269,0.2025
2017/08/24 22:00:00,-10.2482,0.3175,0.3775,-26.1158,13.8507,0.3642,-22.3791,22.3522,-0.8915,-3.0657,10.0267,0.2026
2017/08/24 23:00:00,-10.2482,0.3176,0.3775,-26.1157,13.8508,0.3641,-22.3789,22.3522,-0.8916,-3.0657,10.0268,0.2026
2017/08/25 00:00:00,-10.2482,0.3176,0.3775,-26.1157,13.8509,0.3642,-22.3789,22.3523,-0.8916,-3.0656,10.0268,0.2026
2017/08/25 01:00:00,-10.2482,0.3176,0.3775,-26.1158,13.8506,0.3642,-22.379,22.3522,-0.8916,-3.0658,10.0269,0.2026
2017/08/25 02:00:00,-10.2481,0.3176,0.3775,-26.1157,13.8507,0.3641,-22.3789,22.3522,-0.8916,-3.0657,10.0268,0.2026
2017/08/25 03:00:00,-10.248,0.3176,0.3775,-26.1157,13.8509,0.3641,-22.3788,22.3523,-0.8915,-3.0657,10.0269,0.2026
2017/08/25 04:00:00,-10.2482,0.3176,0.3776,-26.1158,13.8508,0.3642,-22.3791,22.3523,-0.8915,-3.0657,10.0269,0.2026
2017/08/25 05:00:00,-10.2481,0.3176,0.3775,-26.1157,13.8507,0.3642,-22.379,22.3521,-0.8915,-3.0656,10.0268,0.2025
2017/08/25 06:00:00,-10.2482,0.3177,0.3775,-26.1157,13.8509,0.3642,-22.379,22.3524,-0.8916,-3.0657,10.0269,0.2026
2017/08/25 07:00:00,-10.2481,0.3176,0.3775,-26.1157,13.8507,0.3641,-22.3789,22.3525,-0.8915,-3.0657,10.0269,0.2025
2017/08/25 08:00:00,-10.2482,0.3177,0.3775,-26.1158,13.8508,0.364,-22.3788,22.3525,-0.8916,-3.0656,10.0269,0.2025
2017/08/25 09:00:00,-10.2482,0.3176,0.3775,-26.1156,13.8508,0.3641,-22.3788,22.3525,-0.8915,-3.0656,10.0269,0.2025
2017/08/25 10:00:00,-10.2482,0.3176,0.3775,-26.1156,13.8512,0.3644,-22.3788,22.3526,-0.8915,-3.0655,10.027,0.2026
2017/08/25 11:00:00,-10.2483,0.3175,0.3776,-26.1156,13.8509,0.3645,-22.379,22.3524,-0.8912,-3.0656,10.0271,0.2027
2017/08/25 12:00:00,-10.2482,0.3175,0.3775,-26.1156,13.851,0.3642,-22.3791,22.3525,-0.8917,-3.0656,10.0271,0.2026
2017/08/25 13:00:00,-10.2483,0.3175,0.3774,-26.1156,13.8511,0.3643,-22.379,22.3525,-0.8914,-3.0656,10.0271,0.2025
2017/08/25 14:00:00,-10.2481,0.3176,0.3773,-26.1155,13.8512,0.3645,-22.3788,22.3528,-0.8914,-3.0656,10.0271,0.2024
2017/08/25 15:00:00,-10.2481,0.3175,0.3773,25.053241072899,15.6910864325326,0.3645,-22.379,22.3527,-0.8911,-3.0657,10.0271,0.2025
2017/08/25 16:00:00,-10.2482,0.3176,0.3773,1.0622589271011,-29.5422864325325,0.3645,-22.3789,22.3528,-0.8915,-3.0656,10.0272,0.2025
2017/08/25 17:00:00,-10.2482,0.3175,0.3773,-26.1157,13.851,0.3643,-22.379,22.3527,-0.8915,-3.0658,10.0271,0.2025
2017/08/25 18:00:00,-10.2482,0.3174,0.3773,-26.1156,13.851,0.3642,-22.3792,22.3526,-0.8914,-3.0658,10.0271,0.2025
2017/08/25 19:00:00,-10.2482,0.3174,0.3774,-26.1158,13.8508,0.3643,-22.3793,22.3526,-0.8913,-3.0659,10.027,0.2027
2017/08/25 20:00:00,-10.2481,0.3175,0.3775,-26.1158,13.8509,0.3643,-22.3792,22.3527,-0.8913,-3.0658,10.0271,0.2028
2017/08/25 21:00:00,-10.2482,0.3173,0.3774,-26.1158,13.8506,0.3642,-22.3793,22.3525,-0.8915,-3.0659,10.027,0.2027
2017/08/25 22:00:00,-10.2483,0.3174,0.3775,-26.1157,13.8509,0.3644,-22.3789,22.3527,-0.8914,-3.0658,10.0269,0.2027
2017/08/25 23:00:00,-10.2481,0.3174,0.3775,-26.1159,13.8508,0.3643,-22.3792,22.3525,-0.8915,-3.0658,10.027,0.2027
2017/08/26 00:00:00,-10.2482,0.3174,0.3775,-26.1158,13.8508,0.3643,-22.3792,22.3525,-0.8913,-3.0658,10.0269,0.2027
2017/08/26 01:00:00,-10.2482,0.3175,0.3776,-26.1157,13.8508,0.3643,-22.379,22.3526,-0.8914,-3.0658,10.027,0.2028
2017/08/26 02:00:00,-10.2481,0.3176,0.3776,-26.1159,13.8507,0.3643,-22.3792,22.3524,-0.8912,-3.0657,10.0269,0.2028
2017/08/26 03:00:00,-10.2482,0.3175,0.3775,-26.1159,13.8506,0.3643,-22.3792,22.3523,-0.8913,-3.0657,10.0269,0.2027
2017/08/26 04:00:00,-10.2483,0.3175,0.3776,-26.1159,13.8507,0.3644,-22.3793,22.3524,-0.8914,-3.0657,10.0269,0.2027
2017/08/26 05:00:00,-10.2481,0.3178,0.3776,-26.1156,13.851,0.3644,-22.3789,22.3526,-0.8913,-3.0656,10.027,0.2027
2017/08/26 06:00:00,-10.2482,0.3178,0.3776,-26.1158,13.8509,0.3644,-22.379,22.3526,-0.8912,-3.0656,10.027,0.2027
2017/08/26 07:00:00,-10.248,0.3177,0.3776,-26.1157,13.8509,0.3645,-22.379,22.3525,-0.8913,-3.0656,10.0269,0.2027
2017/08/26 08:00:00,-10.2483,0.3175,0.3775,-26.1158,13.8508,0.3644,-22.3789,22.3524,-0.8911,-3.0656,10.0268,0.2026
2017/11/01 14:00:00,-10.2483,0.3175,0.3775,0,0,0,-22.3793,22.3523,-0.8914,-3.0657,10.0269,0.2027
2017/11/21 21:00:00,1,1.1,1.2,1,1.1,1.2,1,1.1,1.2,1,1.1,1.2,1,1.1,1.2,1,1.1,1.2,1,1.1,1.2,1,1.1,1.2,1,1.1,1.2,1,1.1,1.2,1,1.1,1.2,1,1.1,1.2,1,1.1,1.2
2017/11/21 22:00:00,1,1.1,1.2,1,1.1,1.2,1,1.1,1.2,1,1.1,1.2,1,1.1,1.2,1,1.1,1.2,1,1.1,1.2,1,1.1,1.2,1,1.1,1.2,1,1.1,1.2,1,1.1,1.2,1,1.1,1.2,1,1.1,1.2
2017/11/21 23:00:00,1,1.1,1.2,1,1.1,1.2,1,1.1,1.2,1,1.1,1.2,1,1.1,1.2,1,1.1,1.2,1,1.1,1.2,1,1.1,1.2,1,1.1,1.2,1,1.1,1.2,1,1.1,1.2,1,1.1,1.2,1,1.1,1.2
2017/11/22 00:00:00,1,1.1,1.2,1,1.1,1.2,1,1.1,1.2,1,1.1,1.2,1,1.1,1.2,1,1.1,1.2,1,1.1,1.2,1,1.1,1.2,1,1.1,1.2,1,1.1,1.2,1,1.1,1.2,1,1.1,1.2,1,1.1,1.2
2017/11/22 01:00:00,1,1.1,1.2,1,1.1,1.2,1,1.1,1.2,1,1.1,1.2,1,1.1,1.2,1,1.1,1.2,1,1.1,1.2,1,1.1,1.2,1,1.1,1.2,1,1.1,1.2,1,1.1,1.2,1,1.1,1.2,1,1.1,1.2
2017/11/22 02:00:00,1,1.1,1.2,1,1.1,1.2,1,1.1,1.2,1,1.1,1.2,1,1.1,1.2,1,1.1,1.2,1,1.1,1.2,1,1.1,1.2,1,1.1,1.2,1,1.1,1.2,1,1.1,1.2,1,1.1,1.2,1,1.1,1.2
2017/11/22 03:00:00,1,1.1,1.2,1,1.1,1.2,1,1.1,1.2,1,1.1,1.2,1,1.1,1.2,1,1.1,1.2,1,1.1,1.2,1,1.1,1.2,1,1.1,1.2,1,1.1,1.2,1,1.1,1.2,1,1.1,1.2,1,1.1,1.2
2017/11/22 04:00:00,1,1.1,1.2,1,1.1,1.2,1,1.1,1.2,1,1.1,1.2,1,1.1,1.2,1,1.1,1.2,1,1.1,1.2,1,1.1,1.2,1,1.1,1.2,1,1.1,1.2,1,1.1,1.2,1,1.1,1.2,1,1.1,1.2
2017/11/22 05:00:00,1,1.1,1.2,1,1.1,1.2,1,1.1,1.2,1,1.1,1.2,1,1.1,1.2,1,1.1,1.2,1,1.1,1.2,1,1.1,1.2,1,1.1,1.2,1,1.1,1.2,1,1.1,1.2,1,1.1,1.2,1,1.1,1.2
2017/11/22 06:00:00,1,1.1,1.2,1,1.1,1.2,1,1.1,1.2,1,1.1,1.2,1,1.1,1.2,1,1.1,1.2,1,1.1,1.2,1,1.1,1.2,1,1.1,1.2,1,1.1,1.2,1,1.1,1.2,1,1.1,1.2,1,1.1,1.2
2017/11/22 07:00:00,1,1.1,1.2,1,1.1,1.2,1,1.1,1.2,1,1.1,1.2,1,1.1,1.2,1,1.1,1.2,1,1.1,1.2,1,1.1,1.2,1,1.1,1.2,1,1.1,1.2,1,1.1,1.2,1,1.1,1.2,1,1.1,1.2
2017/11/22 08:00:00,1,1.1,1.2,1,1.1,1.2,1,1.1,1.2,1,1.1,1.2,1,1.1,1.2,1,1.1,1.2,1,1.1,1.2,1,1.1,1.2,1,1.1,1.2,1,1.1,1.2,1,1.1,1.2,1,1.1,1.2,1,1.1,1.2
2017/11/22 09:00:00,1,1.1,1.2,1,1.1,1.2,1,1.1,1.2,1,1.1,1.2,1,1.1,1.2,1,1.1,1.2,1,1.1,1.2,1,1.1,1.2,1,1.1,1.2,1,1.1,1.2,1,1.1,1.2,1,1.1,1.2,1,1.1,1.2
2017/11/22 10:00:00,1,1.1,1.2,1,1.1,1.2,1,1.1,1.2,1,1.1,1.2,1,1.1,1.2,1,1.1,1.2,1,1.1,1.2,1,1.1,1.2,1,1.1,1.2,1,1.1,1.2,1,1.1,1.2,1,1.1,1.2,1,1.1,1.2
2017/11/22 11:00:00,1,1.1,1.2,1,1.1,1.2,1,1.1,1.2,1,1.1,1.2,1,1.1,1.2,1,1.1,1.2,1,1.1,1.2,1,1.1,1.2,1,1.1,1.2,1,1.1,1.2,1,1.1,1.2,1,1.1,1.2,1,1.1,1.2
2017/11/22 12:00:00,1,1.1,1.2,1,1.1,1.2,1,1.1,1.2,1,1.1,1.2,1,1.1,1.2,1,1.1,1.2,1,1.1,1.2,1,1.1,1.2,1,1.1,1.2,1,1.1,1.2,1,1.1,1.2,1,1.1,1.2,1,1.1,1.2
2017/11/22 13:00:00,1,1.1,1.2,1,1.1,1.2,1,1.1,1.2,1,1.1,1.2,1,1.1,1.2,1,1.1,1.2,1,1.1,1.2,1,1.1,1.2,1,1.1,1.2,1,1.1,1.2,1,1.1,1.2,1,1.1,1.2,1,1.1,1.2
2017/11/22 14:00:00,1,1.1,1.2,1,1.1,1.2,1,1.1,1.2,1,1.1,1.2,1,1.1,1.2,1,1.1,1.2,1,1.1,1.2,1,1.1,1.2,1,1.1,1.2,1,1.1,1.2,1,1.1,1.2,1,1.1,1.2,1,1.1,1.2
2017/11/22 15:00:00,1,1.1,1.2,1,1.1,1.2,1,1.1,1.2,1,1.1,1.2,1,1.1,1.2,1,1.1,1.2,1,1.1,1.2,1,1.1,1.2,1,1.1,1.2,1,1.1,1.2,1,1.1,1.2,1,1.1,1.2,1,1.1,1.2
2017/11/22 16:00:00,1,1.1,1.2,1,1.1,1.2,1,1.1,1.2,1,1.1,1.2,1,1.1,1.2,1,1.1,1.2,1,1.1,1.2,1,1.1,1.2,1,1.1,1.2,1,1.1,1.2,1,1.1,1.2,1,1.1,1.2,1,1.1,1.2
2017/11/22 17:00:00,1,1.1,1.2,1,1.1,1.2,1,1.1,1.2,1,1.1,1.2,1,1.1,1.2,1,1.1,1.2,1,1.1,1.2,1,1.1,1.2,1,1.1,1.2,1,1.1,1.2,1,1.1,1.2,1,1.1,1.2,1,1.1,1.2
2017/11/22 18:00:00,1,1.1,1.2,1,1.1,1.2,1,1.1,1.2,1,1.1,1.2,1,1.1,1.2,1,1.1,1.2,1,1.1,1.2,1,1.1,1.2,1,1.1,1.2,1,1.1,1.2,1,1.1,1.2,1,1.1,1.2,1,1.1,1.2
2017/11/22 19:00:00,1,1.1,1.2,1,1.1,1.2,1,1.1,1.2,1,1.1,1.2,1,1.1,1.2,1,1.1,1.2,1,1.1,1.2,1,1.1,1.2,1,1.1,1.2,1,1.1,1.2,1,1.1,1.2,1,1.1,1.2,1,1.1,1.2
2017/11/22 20:00:00,1,1.1,1.2,1,1.1,1.2,1,1.1,1.2,1,1.1,1.2,1,1.1,1.2,1,1.1,1.2,1,1.1,1.2,1,1.1,1.2,1,1.1,1.2,1,1.1,1.2,1,1.1,1.2,1,1.1,1.2,1,1.1,1.2
2017/11/22 21:00:00,1,1.1,1.2,1,1.1,1.2,1,1.1,1.2,1,1.1,1.2,1,1.1,1.2,1,1.1,1.2,1,1.1,1.2,1,1.1,1.2,1,1.1,1.2,1,1.1,1.2,1,1.1,1.2,1,1.1,1.2,1,1.1,1.2
2017/11/22 22:00:00,1,1.1,1.2,1,1.1,1.2,1,1.1,1.2,1,1.1,1.2,1,1.1,1.2,1,1.1,1.2,1,1.1,1.2,1,1.1,1.2,1,1.1,1.2,1,1.1,1.2,1,1.1,1.2,1,1.1,1.2,1,1.1,1.2
2017/11/22 23:00:00,1,1.1,1.2,1,1.1,1.2,1,1.1,1.2,1,1.1,1.2,1,1.1,1.2,1,1.1,1.2,1,1.1,1.2,1,1.1,1.2,1,1.1,1.2,1,1.1,1.2,1,1.1,1.2,1,1.1,1.2,1,1.1,1.2
2017/11/23 00:00:00,1,1.1,1.2,1,1.1,1.2,1,1.1,1.2,1,1.1,1.2,1,1.1,1.2,1,1.1,1.2,1,1.1,1.2,1,1.1,1.2,1,1.1,1.2,1,1.1,1.2,1,1.1,1.2,1,1.1,1.2,1,1.1,1.2
2017/11/23 01:00:00,1,1.1,1.2,1,1.1,1.2,1,1.1,1.2,1,1.1,1.2,1,1.1,1.2,1,1.1,1.2,1,1.1,1.2,1,1.1,1.2,1,1.1,1.2,1,1.1,1.2,1,1.1,1.2,1,1.1,1.2,1,1.1,1.2
2017/11/23 02:00:00,1,1.1,1.2,1,1.1,1.2,1,1.1,1.2,1,1.1,1.2,1,1.1,1.2,1,1.1,1.2,1,1.1,1.2,1,1.1,1.2,1,1.1,1.2,1,1.1,1.2,1,1.1,1.2,1,1.1,1.2,1,1.1,1.2
2017/11/23 03:00:00,1,1.1,1.2,1,1.1,1.2,1,1.1,1.2,1,1.1,1.2,1,1.1,1.2,1,1.1,1.2,1,1.1,1.2,1,1.1,1.2,1,1.1,1.2,1,1.1,1.2,1,1.1,1.2,1,1.1,1.2,1,1.1,1.2
2017/11/23 04:00:00,1,1.1,1.2,1,1.1,1.2,1,1.1,1.2,1,1.1,1.2,1,1.1,1.2,1,1.1,1.2,1,1.1,1.2,1,1.1,1.2,1,1.1,1.2,1,1.1,1.2,1,1.1,1.2,1,1.1,1.2,1,1.1,1.2
2017/11/23 05:00:00,1,1.1,1.2,1,1.1,1.2,1,1.1,1.2,1,1.1,1.2,1,1.1,1.2,1,1.1,1.2,1,1.1,1.2,1,1.1,1.2,1,1.1,1.2,1,1.1,1.2,1,1.1,1.2,1,1.1,1.2,1,1.1,1.2
2017/11/23 06:00:00,1,1.1,1.2,1,1.1,1.2,1,1.1,1.2,1,1.1,1.2,1,1.1,1.2,1,1.1,1.2,1,1.1,1.2,1,1.1,1.2,1,1.1,1.2,1,1.1,1.2,1,1.1,1.2,1,1.1,1.2,1,1.1,1.2
2017/11/23 07:00:00,1,1.1,1.2,1,1.1,1.2,1,1.1,1.2,1,1.1,1.2,1,1.1,1.2,1,1.1,1.2,1,1.1,1.2,1,1.1,1.2,1,1.1,1.2,1,1.1,1.2,1,1.1,1.2,1,1.1,1.2,1,1.1,1.2
2017/11/23 08:00:00,1,1.1,1.2,1,1.1,1.2,1,1.1,1.2,1,1.1,1.2,1,1.1,1.2,1,1.1,1.2,1,1.1,1.2,1,1.1,1.2,1,1.1,1.2,1,1.1,1.2,1,1.1,1.2,1,1.1,1.2,1,1.1,1.2
2017/11/23 09:00:00,1,1.1,1.2,1,1.1,1.2,1,1.1,1.2,1,1.1,1.2,1,1.1,1.2,1,1.1,1.2,1,1.1,1.2,1,1.1,1.2,1,1.1,1.2,1,1.1,1.2,1,1.1,1.2,1,1.1,1.2,1,1.1,1.2
2017/11/23 10:00:00,1,1.1,1.2,1,1.1,1.2,1,1.1,1.2,1,1.1,1.2,1,1.1,1.2,1,1.1,1.2,1,1.1,1.2,1,1.1,1.2,1,1.1,1.2,1,1.1,1.2,1,1.1,1.2,1,1.1,1.2,1,1.1,1.2
2017/11/23 11:00:00,1,1.1,1.2,1,1.1,1.2,1,1.1,1.2,1,1.1,1.2,1,1.1,1.2,1,1.1,1.2,1,1.1,1.2,1,1.1,1.2,1,1.1,1.2,1,1.1,1.2,1,1.1,1.2,1,1.1,1.2,1,1.1,1.2
2017/11/23 12:00:00,1,1.1,1.2,1,1.1,1.2,1,1.1,1.2,1,1.1,1.2,1,1.1,1.2,1,1.1,1.2,1,1.1,1.2,1,1.1,1.2,1,1.1,1.2,1,1.1,1.2,1,1.1,1.2,1,1.1,1.2,1,1.1,1.2
2017/11/23 13:00:00,1,1.1,1.2,1,1.1,1.2,1,1.1,1.2,1,1.1,1.2,1,1.1,1.2,1,1.1,1.2,1,1.1,1.2,1,1.1,1.2,1,1.1,1.2,1,1.1,1.2,1,1.1,1.2,1,1.1,1.2,1,1.1,1.2
2017/11/23 14:00:00,1,1.1,1.2,1,1.1,1.2,1,1.1,1.2,1,1.1,1.2,1,1.1,1.2,1,1.1,1.2,1,1.1,1.2,1,1.1,1.2,1,1.1,1.2,1,1.1,1.2,1,1.1,1.2,1,1.1,1.2,1,1.1,1.2
2017/11/23 15:00:00,1,1.1,1.2,1,1.1,1.2,1,1.1,1.2,1,1.1,1.2,1,1.1,1.2,1,1.1,1.2,1,1.1,1.2,1,1.1,1.2,1,1.1,1.2,1,1.1,1.2,1,1.1,1.2,1,1.1,1.2,1,1.1,1.2
2017/11/23 16:00:00,1,1.1,1.2,1,1.1,1.2,1,1.1,1.2,1,1.1,1.2,1,1.1,1.2,1,1.1,1.2,1,1.1,1.2,1,1.1,1.2,1,1.1,1.2,1,1.1,1.2,1,1.1,1.2,1,1.1,1.2,1,1.1,1.2
2017/11/23 17:00:00,1,1.1,1.2,1,1.1,1.2,1,1.1,1.2,1,1.1,1.2,1,1.1,1.2,1,1.1,1.2,1,1.1,1.2,1,1.1,1.2,1,1.1,1.2,1,1.1,1.2,1,1.1,1.2,1,1.1,1.2,1,1.1,1.2
2017/11/23 18:00:00,1,1.1,1.2,1,1.1,1.2,1,1.1,1.2,1,1.1,1.2,1,1.1,1.2,1,1.1,1.2,1,1.1,1.2,1,1.1,1.2,1,1.1,1.2,1,1.1,1.2,1,1.1,1.2,1,1.1,1.2,1,1.1,1.2
2017/11/23 19:00:00,1,1.1,1.2,1,1.1,1.2,1,1.1,1.2,1,1.1,1.2,1,1.1,1.2,1,1.1,1.2,1,1.1,1.2,1,1.1,1.2,1,1.1,1.2,1,1.1,1.2,1,1.1,1.2,1,1.1,1.2,1,1.1,1.2
2017/11/23 20:00:00,1,1.1,1.2,1,1.1,1.2,1,1.1,1.2,1,1.1,1.2,1,1.1,1.2,1,1.1,1.2,1,1.1,1.2,1,1.1,1.2,1,1.1,1.2,1,1.1,1.2,1,1.1,1.2,1,1.1,1.2,1,1.1,1.2
2017/11/23 21:00:00,1,1.1,1.2,1,1.1,1.2,1,1.1,1.2,1,1.1,1.2,1,1.1,1.2,1,1.1,1.2,1,1.1,1.2,1,1.1,1.2,1,1.1,1.2,1,1.1,1.2,1,1.1,1.2,1,1.1,1.2,1,1.1,1.2
2017/11/23 22:00:00,1,1.1,1.2,1,1.1,1.2,1,1.1,1.2,1,1.1,1.2,1,1.1,1.2,1,1.1,1.2,1,1.1,1.2,1,1.1,1.2,1,1.1,1.2,1,1.1,1.2,1,1.1,1.2,1,1.1,1.2,1,1.1,1.2
2017/11/23 23:00:00,1,1.1,1.2,1,1.1,1.2,1,1.1,1.2,1,1.1,1.2,1,1.1,1.2,1,1.1,1.2,1,1.1,1.2,1,1.1,1.2,1,1.1,1.2,1,1.1,1.2,1,1.1,1.2,1,1.1,1.2,1,1.1,1.2
2017/11/24 00:00:00,1,1.1,1.2,1,1.1,1.2,1,1.1,1.2,1,1.1,1.2,1,1.1,1.2,1,1.1,1.2,1,1.1,1.2,1,1.1,1.2,1,1.1,1.2,1,1.1,1.2,1,1.1,1.2,1,1.1,1.2,1,1.1,1.2
2017/11/24 01:00:00,1,1.1,1.2,1,1.1,1.2,1,1.1,1.2,1,1.1,1.2,1,1.1,1.2,1,1.1,1.2,1,1.1,1.2,1,1.1,1.2,1,1.1,1.2,1,1.1,1.2,1,1.1,1.2,1,1.1,1.2,1,1.1,1.2
2017/11/24 02:00:00,1,1.1,1.2,1,1.1,1.2,1,1.1,1.2,1,1.1,1.2,1,1.1,1.2,1,1.1,1.2,1,1.1,1.2,1,1.1,1.2,1,1.1,1.2,1,1.1,1.2,1,1.1,1.2,1,1.1,1.2,1,1.1,1.2
2017/11/24 03:00:00,1,1.1,1.2,1,1.1,1.2,1,1.1,1.2,1,1.1,1.2,1,1.1,1.2,1,1.1,1.2,1,1.1,1.2,1,1.1,1.2,1,1.1,1.2,1,1.1,1.2,1,1.1,1.2,1,1.1,1.2,1,1.1,1.2
2017/11/24 04:00:00,1,1.1,1.2,1,1.1,1.2,1,1.1,1.2,1,1.1,1.2,1,1.1,1.2,1,1.1,1.2,1,1.1,1.2,1,1.1,1.2,1,1.1,1.2,1,1.1,1.2,1,1.1,1.2,1,1.1,1.2,1,1.1,1.2
2017/11/24 05:00:00,1,1.1,1.2,1,1.1,1.2,1,1.1,1.2,1,1.1,1.2,1,1.1,1.2,1,1.1,1.2,1,1.1,1.2,1,1.1,1.2,1,1.1,1.2,1,1.1,1.2,1,1.1,1.2,1,1.1,1.2,1,1.1,1.2
2017/11/24 06:00:00,1,1.1,1.2,1,1.1,1.2,1,1.1,1.2,1,1.1,1.2,1,1.1,1.2,1,1.1,1.2,1,1.1,1.2,1,1.1,1.2,1,1.1,1.2,1,1.1,1.2,1,1.1,1.2,1,1.1,1.2,1,1.1,1.2
2017/11/24 07:00:00,1,1.1,1.2,1,1.1,1.2,1,1.1,1.2,1,1.1,1.2,1,1.1,1.2,1,1.1,1.2,1,1.1,1.2,1,1.1,1.2,1,1.1,1.2,1,1.1,1.2,1,1.1,1.2,1,1.1,1.2,1,1.1,1.2
2017/11/24 08:00:00,1,1.1,1.2,1,1.1,1.2,1,1.1,1.2,1,1.1,1.2,1,1.1,1.2,1,1.1,1.2,1,1.1,1.2,1,1.1,1.2,1,1.1,1.2,1,1.1,1.2,1,1.1,1.2,1,1.1,1.2,1,1.1,1.2
2017/11/24 09:00:00,1,1.1,1.2,1,1.1,1.2,1,1.1,1.2,1,1.1,1.2,1,1.1,1.2,1,1.1,1.2,1,1.1,1.2,1,1.1,1.2,1,1.1,1.2,1,1.1,1.2,1,1.1,1.2,1,1.1,1.2,1,1.1,1.2
2017/11/24 10:00:00,1,1.1,1.2,1,1.1,1.2,1,1.1,1.2,1,1.1,1.2,1,1.1,1.2,1,1.1,1.2,1,1.1,1.2,1,1.1,1.2,1,1.1,1.2,1,1.1,1.2,1,1.1,1.2,1,1.1,1.2,1,1.1,1.2
2017/11/24 11:00:00,1,1.1,1.2,1,1.1,1.2,1,1.1,1.2,1,1.1,1.2,1,1.1,1.2,1,1.1,1.2,1,1.1,1.2,1,1.1,1.2,1,1.1,1.2,1,1.1,1.2,1,1.1,1.2,1,1.1,1.2,1,1.1,1.2
2017/11/24 12:00:00,1,1.1,1.2,1,1.1,1.2,1,1.1,1.2,1,1.1,1.2,1,1.1,1.2,1,1.1,1.2,1,1.1,1.2,1,1.1,1.2,1,1.1,1.2,1,1.1,1.2,1,1.1,1.2,1,1.1,1.2,1,1.1,1.2
2017/11/24 13:00:00,1,1.1,1.2,1,1.1,1.2,1,1.1,1.2,1,1.1,1.2,1,1.1,1.2,1,1.1,1.2,1,1.1,1.2,1,1.1,1.2,1,1.1,1.2,1,1.1,1.2,1,1.1,1.2,1,1.1,1.2,1,1.1,1.2
2017/11/24 14:00:00,1,1.1,1.2,1,1.1,1.2,1,1.1,1.2,1,1.1,1.2,1,1.1,1.2,1,1.1,1.2,1,1.1,1.2,1,1.1,1.2,1,1.1,1.2,1,1.1,1.2,1,1.1,1.2,1,1.1,1.2,1,1.1,1.2
2017/11/24 15:00:00,1,1.1,1.2,1,1.1,1.2,1,1.1,1.2,1,1.1,1.2,1,1.1,1.2,1,1.1,1.2,1,1.1,1.2,1,1.1,1.2,1,1.1,1.2,1,1.1,1.2,1,1.1,1.2,1,1.1,1.2,1,1.1,1.2
2017/11/24 16:00:00,1,1.1,1.2,1,1.1,1.2,1,1.1,1.2,1,1.1,1.2,1,1.1,1.2,1,1.1,1.2,1,1.1,1.2,1,1.1,1.2,1,1.1,1.2,1,1.1,1.2,1,1.1,1.2,1,1.1,1.2,1,1.1,1.2
2017/11/24 17:00:00,1,1.1,1.2,1,1.1,1.2,1,1.1,1.2,1,1.1,1.2,1,1.1,1.2,1,1.1,1.2,1,1.1,1.2,1,1.1,1.2,1,1.1,1.2,1,1.1,1.2,1,1.1,1.2,1,1.1,1.2,1,1.1,1.2
2017/11/24 18:00:00,1,1.1,1.2,1,1.1,1.2,1,1.1,1.2,1,1.1,1.2,1,1.1,1.2,1,1.1,1.2,1,1.1,1.2,1,1.1,1.2,1,1.1,1.2,1,1.1,1.2,1,1.1,1.2,1,1.1,1.2,1,1.1,1.2
2017/11/24 19:00:00,1,1.1,1.2,1,1.1,1.2,1,1.1,1.2,1,1.1,1.2,1,1.1,1.2,1,1.1,1.2,1,1.1,1.2,1,1.1,1.2,1,1.1,1.2,1,1.1,1.2,1,1.1,1.2,1,1.1,1.2,1,1.1,1.2
2017/11/24 20:00:00,1,1.1,1.2,1,1.1,1.2,1,1.1,1.2,1,1.1,1.2,1,1.1,1.2,1,1.1,1.2,1,1.1,1.2,1,1.1,1.2,1,1.1,1.2,1,1.1,1.2,1,1.1,1.2,1,1.1,1.2,1,1.1,1.2
2017/11/24 21:00:00,1,1.1,1.2,1,1.1,1.2,1,1.1,1.2,1,1.1,1.2,1,1.1,1.2,1,1.1,1.2,1,1.1,1.2,1,1.1,1.2,1,1.1,1.2,1,1.1,1.2,1,1.1,1.2,1,1.1,1.2,1,1.1,1.2
2017/11/25 09:00:00,0,0,0,0,0,0,0,0,0,0,0,0,0,0,0,0,0,0,0,0,0,0,0,0,0,0,0,0,0,0,0,0,0,0,0,0,0,0,0
2017/11/25 10:00:00,0,0,0,0,0,0,0,0,0,0,0,0,0,0,0,0,0,0,0,0,0,0,0,0,0,0,0,0,0,0,0,0,0,0,0,0,0,0,0
2017/11/25 11:00:00,0.259,5.2012,9.9317,-0.0003,0.0001,9.912,-0.0237,-5.0676,10.1724,-0.0102,-10.0509,10.0415,-0.0217,-15.0569,9.6754,-0.0002,-18.0245,9.2201,0.0109,-20.8203,9.0723,-1.085,-23.9655,9.6029,-0.7045,-27.0705,9.7905,-0.0048,-31.831,7.1954,-0.2446,-36.9618,6.8536,-0.2653,-42.1691,7.189,0.014,-47.0066,7.123
2017/11/27 15:00:00,0.2534,5.2121,9.9327,0.001,0.0151,9.913,-0.0423,-5.0456,10.1732,-0.0148,-10.0373,10.0423,-0.0531,-15.0215,9.6768,-0.0408,-18.003,9.2218,-0.0043,-20.7876,9.0735,-1.0884,-23.9299,9.6038,-0.7184,-27.0344,9.792,-0.0091,-31.8,7.1966,-0.2508,-36.9313,6.8548,-0.2691,-42.1402,7.1902,0.0203,-46.97,7.1241
2017/11/27 16:00:00,0.2547,5.212,9.9329,0.004,0.0149,9.9132,-0.0381,-5.0459,10.1734,-0.0091,-10.0376,10.0424,-0.0459,-15.0218,9.6769,-0.0327,-18.0032,9.2219,0.0046,-20.7878,9.0735,-1.0784,-23.9305,9.6039,-0.7076,-27.0348,9.7921,0.003,-31.8001,7.1967,-0.2371,-36.9315,6.8549,-0.254,-42.1404,7.1904,0.037,-46.9702,7.1242
2017/11/27 17:00:00,0.2545,5.2117,9.9325,0.0039,0.0147,9.9128,-0.0383,-5.046,10.173,-0.0092,-10.0377,10.0421,-0.0461,-15.0219,9.6766,-0.0329,-18.0032,9.2215,0.0044,-20.7876,9.0732,-1.0785,-23.9306,9.6036,-0.7077,-27.0349,9.7918,0.0029,-31.8002,7.1964,-0.2372,-36.9316,6.8546,-0.254,-42.1404,7.19,0.0369,-46.9704,7.1239
2017/11/27 18:00:00,0.2548,5.2118,9.9326,0.0041,0.0148,9.9127,-0.0381,-5.0461,10.1729,-0.0091,-10.0377,10.042,-0.046,-15.0218,9.6765,-0.0329,-18.0032,9.2215,0.0044,-20.7876,9.0732,-1.0786,-23.9306,9.6036,-0.7079,-27.0349,9.7918,0.0028,-31.8002,7.1964,-0.2375,-36.9316,6.8546,-0.2544,-42.1404,7.19,0.0365,-46.9704,7.124
2017/11/27 19:00:00,0.2549,5.2118,9.9326,0.0042,0.0148,9.9127,-0.0381,-5.0461,10.1729,-0.0092,-10.0376,10.0419,-0.046,-15.0218,9.6765,-0.0329,-18.0032,9.2214,0.0044,-20.7876,9.0731,-1.0786,-23.9305,9.6035,-0.7079,-27.0349,9.7917,0.0027,-31.8002,7.1963,-0.2375,-36.9316,6.8545,-0.2545,-42.1405,7.1899,0.0364,-46.9704,7.1239
2017/11/27 20:00:00,0.2548,5.2118,9.9326,0.0041,0.0148,9.9126,-0.0381,-5.0461,10.1727,-0.0091,-10.0377,10.0419,-0.046,-15.0219,9.6764,-0.0328,-18.0032,9.2213,0.0045,-20.7876,9.073,-1.0786,-23.9305,9.6034,-0.7078,-27.0349,9.7916,0.0028,-31.8002,7.1962,-0.2373,-36.9316,6.8544,-0.2543,-42.1405,7.1899,0.0366,-46.9704,7.1237
2017/11/27 21:00:00,0.2548,5.2117,9.9328,0.0042,0.0147,9.9129,-0.0378,-5.0464,10.1731,-0.0088,-10.0379,10.0422,-0.0456,-15.022,9.6767,-0.0324,-18.0034,9.2216,0.005,-20.7877,9.0733,-1.078,-23.9306,9.6037,-0.7071,-27.0349,9.792,0.0035,-31.8002,7.1965,-0.2365,-36.9317,6.8547,-0.2534,-42.1405,7.1901,0.0375,-46.9706,7.1241
2017/11/27 22:00:00,0.2549,5.2119,9.9325,0.0044,0.0149,9.9126,-0.0376,-5.0463,10.1729,-0.0085,-10.0378,10.0421,-0.0452,-15.0219,9.6766,-0.0319,-18.0035,9.2216,0.0055,-20.7877,9.0732,-1.0775,-23.9305,9.6036,-0.7065,-27.0348,9.7918,0.0042,-31.8001,7.1964,-0.2358,-36.9316,6.8546,-0.2525,-42.1405,7.1901,0.0384,-46.9704,7.1241
2017/11/27 23:00:00,0.255,5.2119,9.9328,0.0041,0.0148,9.9129,-0.0382,-5.0463,10.1731,-0.0093,-10.0378,10.0423,-0.0462,-15.022,9.6768,-0.033,-18.0035,9.2217,0.0042,-20.7877,9.0734,-1.079,-23.9305,9.6039,-0.708,-27.0348,9.792,0.0024,-31.8001,7.1966,-0.2378,-36.9315,6.8549,-0.2549,-42.1404,7.1903,0.0358,-46.9703,7.1242
2017/11/28 00:00:00,0.2549,5.2119,9.9329,0.004,0.015,9.9131,-0.0384,-5.0463,10.1733,-0.0096,-10.0378,10.0423,-0.0467,-15.0218,9.6769,-0.0336,-18.0033,9.2218,0.0036,-20.7876,9.0735,-1.0796,-23.9303,9.6039,-0.7088,-27.0347,9.7921,0.0015,-31.8,7.1967,-0.2388,-36.9313,6.8549,-0.256,-42.1402,7.1904,0.0346,-46.9702,7.1244
2017/11/28 01:00:00,0.2551,5.2117,9.9329,0.0045,0.0148,9.9129,-0.0376,-5.0465,10.1732,-0.0085,-10.038,10.0422,-0.0453,-15.0219,9.6768,-0.0321,-18.0034,9.2217,0.0053,-20.7877,9.0734,-1.0778,-23.9305,9.6038,-0.7068,-27.0349,9.792,0.0039,-31.8002,7.1966,-0.2362,-36.9316,6.8548,-0.2531,-42.1404,7.1903,0.0379,-46.9704,7.1242
2017/11/28 02:00:00,0.2551,5.2119,9.9324,0.0047,0.0148,9.9126,-0.0373,-5.0465,10.173,-0.0083,-10.0379,10.042,-0.0451,-15.0219,9.6765,-0.0318,-18.0034,9.2215,0.0056,-20.7876,9.0732,-1.0774,-23.9305,9.6036,-0.7065,-27.035,9.7918,0.0043,-31.8002,7.1964,-0.2357,-36.9316,6.8546,-0.2525,-42.1404,7.19,0.0385,-46.9704,7.1239
2017/11/28 03:00:00,0.2551,5.2118,9.9326,0.0045,0.0148,9.9127,-0.0376,-5.0466,10.1729,-0.0086,-10.038,10.042,-0.0455,-15.022,9.6765,-0.0323,-18.0035,9.2214,0.0051,-20.7877,9.0731,-1.078,-23.9306,9.6035,-0.7074,-27.035,9.7916,0.0036,-31.8003,7.1963,-0.2365,-36.9317,6.8545,-0.2533,-42.1405,7.19,0.0376,-46.9705,7.124
2017/11/28 04:00:00,0.255,5.2118,9.9324,0.0043,0.0148,9.9125,-0.038,-5.0463,10.1727,-0.009,-10.038,10.0417,-0.0459,-15.022,9.6762,-0.0328,-18.0035,9.2211,0.0045,-20.7876,9.0728,-1.0786,-23.9305,9.6032,-0.7077,-27.0349,9.7914,0.003,-31.8003,7.196,-0.2372,-36.9316,6.8542,-0.2542,-42.1405,7.1897,0.0367,-46.9705,7.1235
2017/11/28 05:00:00,0.2549,5.2118,9.9327,0.0042,0.0148,9.9128,-0.0381,-5.0463,10.1729,-0.0093,-10.0378,10.042,-0.0462,-15.0219,9.6764,-0.0331,-18.0034,9.2214,0.0041,-20.7876,9.0731,-1.079,-23.9305,9.6035,-0.7082,-27.035,9.7916,0.0024,-31.8002,7.1962,-0.2379,-36.9316,6.8545,-0.255,-42.1405,7.19,0.0358,-46.9706,7.1239
2017/11/28 06:00:00,0.2548,5.2117,9.9325,0.0041,0.0147,9.9126,-0.0382,-5.0464,10.1728,-0.0093,-10.0379,10.0418,-0.0463,-15.022,9.6764,-0.0332,-18.0035,9.2213,0.0041,-20.7877,9.073,-1.0791,-23.9306,9.6034,-0.7083,-27.035,9.7916,0.0023,-31.8003,7.1961,-0.238,-36.9316,6.8543,-0.2551,-42.1407,7.1898,0.0357,-46.9706,7.1237
2017/11/28 07:00:00,0.2552,5.2118,9.9327,0.0044,0.0147,9.9128,-0.0379,-5.0463,10.1729,-0.009,-10.0379,10.0421,-0.046,-15.022,9.6766,-0.0329,-18.0034,9.2215,0.0043,-20.7877,9.0733,-1.0788,-23.9305,9.6035,-0.708,-27.0349,9.7917,0.0026,-31.8002,7.1964,-0.2377,-36.9316,6.8546,-0.2548,-42.1405,7.1901,0.0361,-46.9704,7.1239
2017/11/28 08:00:00,0.2553,5.2114,9.9319,0.0044,0.0144,9.9124,-0.0377,-5.0466,10.1725,-0.0088,-10.0382,10.0415,-0.0458,-15.0223,9.676,-0.0327,-18.0037,9.221,0.0047,-20.788,9.0728,-1.0782,-23.9308,9.603,-0.708,-27.0349,9.7917,0.0032,-31.8006,7.1959,-0.2371,-36.9319,6.854,-0.2541,-42.1409,7.1894,0.037,-46.9708,7.1232
2017/11/28 11:00:00,0.2553,5.2114,9.9319,0.0044,0.0144,9.9124,-0.0377,-5.0466,10.1725,-0.0088,-10.0382,10.0415,-0.0458,-15.0223,9.676,-0.0327,-18.0037,9.221,0.0047,-20.788,9.0728,-1.0782,-23.9308,9.603,-0.708,-27.0349,9.7917,0.0032,-31.8006,7.1959,-0.2371,-36.9319,6.854,-0.2541,-42.1409,7.1894,0.037,-46.9708,7.1232
2017/11/28 12:00:00,0.2555,5.2113,9.9329,0.0051,0.0144,9.9133,-0.0376,-5.0465,10.1735,-0.0087,-10.0381,10.0426,-0.0458,-15.0224,9.6771,-0.0326,-18.0036,9.2221,0.0047,-20.788,9.0738,-1.0783,-23.9307,9.6041,-0.7473,-27.04,9.7929,0.0031,-31.8008,7.197,-0.2372,-36.9322,6.855,-0.2542,-42.141,7.1905,0.0367,-46.9711,7.1243
2017/11/28 13:00:00,0.2555,5.2112,9.9328,0.0053,0.0141,9.9132,-0.0375,-5.0467,10.1734,-0.0085,-10.0384,10.0425,-0.0456,-15.0227,9.6771,-0.0324,-18.0038,9.2221,0.005,-20.7883,9.0738,-1.078,-23.9309,9.604,-0.7469,-27.0401,9.7928,0.0034,-31.8008,7.1969,-0.2368,-36.9322,6.8551,-0.2539,-42.1411,7.1903,0.0371,-46.9711,7.1242
2017/11/28 14:00:00,0.2553,5.2115,9.9327,0.0052,0.0144,9.913,-0.0376,-5.0462,10.1733,-0.0086,-10.0379,10.0424,-0.0457,-15.0223,9.677,-0.0325,-18.0034,9.2219,0.0048,-20.7878,9.0736,-1.0784,-23.9258,9.6039,-0.7469,-27.0401,9.7928,0.0032,-31.8005,7.1968,-0.237,-36.9319,6.855,-0.254,-42.1409,7.1904,0.0369,-46.9709,7.1241
2017/11/28 15:00:00,0.2552,5.2115,9.9322,0.0048,0.0145,9.9128,-0.0381,-5.0462,10.173,-0.0091,-10.038,10.042,-0.0462,-15.0223,9.6764,-0.033,-18.0033,9.2214,0.0043,-20.7878,9.073,-1.0789,-23.926,9.6033,0,0,0,0.0026,-31.8005,7.1962,-0.2376,-36.932,6.8544,-0.2546,-42.1409,7.1898,0.0364,-46.9711,7.1237
2017/11/28 16:00:00,0.2552,5.2115,9.9328,0.005,0.0144,9.9129,-0.038,-5.0462,10.1729,-0.009,-10.038,10.0419,-0.0461,-15.0222,9.6764,-0.0329,-18.0033,9.2213,0.0044,-20.7879,9.073,-1.0789,-23.926,9.6033,0,0,0,0.0027,-31.8005,7.1962,-0.2375,-36.932,6.8544,-0.2545,-42.1409,7.1898,0.0364,-46.9711,7.1237
2017/11/28 17:00:00,0.2551,5.2116,9.933,0.005,0.0145,9.9132,-0.038,-5.046,10.1732,-0.009,-10.038,10.0422,-0.0461,-15.0222,9.6768,-0.0329,-18.0033,9.2217,0.0044,-20.7878,9.0734,-1.0788,-23.926,9.6037,0,0,0,0.0028,-31.8004,7.1966,-0.2375,-36.9319,6.8548,-0.2544,-42.1408,7.1903,0.0364,-46.971,7.124
2017/11/28 18:00:00,0.2553,5.2116,9.9327,0.005,0.0145,9.9131,-0.0378,-5.0461,10.1732,-0.0088,-10.038,10.0423,-0.0459,-15.0222,9.6768,-0.0327,-18.0033,9.2217,0.0046,-20.7879,9.0734,-1.0787,-23.9259,9.6037,0,0,0,0.003,-31.8004,7.1965,-0.2373,-36.9319,6.8548,-0.2542,-42.1408,7.1903,0.0367,-46.971,7.124
2017/11/28 19:00:00,0.2552,5.2116,9.9325,0.0049,0.0144,9.9127,-0.0379,-5.0461,10.1729,-0.0089,-10.0379,10.042,-0.046,-15.0222,9.6764,-0.0329,-18.0033,9.2214,0.0044,-20.7879,9.0731,-1.0789,-23.9259,9.6034,0,0,0,0.0027,-31.8005,7.1962,-0.2375,-36.9319,6.8545,-0.2546,-42.1408,7.1899,0.0363,-46.9709,7.1237
2017/11/28 20:00:00,0.2552,5.2115,9.9325,0.0051,0.0144,9.9127,-0.0378,-5.0462,10.173,-0.0088,-10.038,10.042,-0.0458,-15.0223,9.6765,-0.0326,-18.0034,9.2214,0.0047,-20.788,9.0731,-1.0786,-23.926,9.6034,-0.7427,-27.0405,9.7922,0.0031,-31.8006,7.1962,-0.2371,-36.932,6.8545,-0.2541,-42.1408,7.19,0.0368,-46.9711,7.1237
2017/11/28 21:00:00,0.2551,5.2114,9.9328,0.0051,0.0143,9.9131,-0.038,-5.0462,10.1732,-0.0089,-10.0381,10.0422,-0.046,-15.0223,9.6767,-0.0329,-18.0034,9.2216,0.0044,-20.788,9.0732,-1.0789,-23.926,9.6037,-0.743,-27.0405,9.7924,0.0027,-31.8005,7.1964,-0.2374,-36.9319,6.8547,-0.2545,-42.1408,7.1902,0.0363,-46.971,7.1239
2017/11/28 22:00:00,0.2552,5.2116,9.9329,0.0048,0.0145,9.913,-0.038,-5.0462,10.1731,-0.0091,-10.0379,10.0423,-0.0461,-15.0222,9.6768,-0.0329,-18.0034,9.2217,0.0043,-20.7878,9.0734,-1.079,-23.9259,9.6037,-0.7431,-27.0404,9.7925,0.0026,-31.8004,7.1966,-0.2376,-36.9319,6.8547,-0.2547,-42.1408,7.1902,0.0362,-46.9709,7.124
2017/11/28 23:00:00,0.2553,5.2114,9.9328,0.0051,0.0143,9.9129,-0.038,-5.0462,10.1731,-0.009,-10.0381,10.0422,-0.0461,-15.0225,9.6767,-0.0329,-18.0035,9.2217,0.0043,-20.788,9.0733,-1.0789,-23.9261,9.6037,-0.743,-27.0406,9.7925,0.0027,-31.8007,7.1965,-0.2375,-36.932,6.8547,-0.2546,-42.141,7.1902,0.0364,-46.9711,7.1239
2017/11/29 00:00:00,0.2549,5.2114,9.9325,0.0048,0.0143,9.9129,-0.0382,-5.0463,10.173,-0.0092,-10.0381,10.042,-0.0463,-15.0224,9.6764,-0.0331,-18.0036,9.2214,0.0042,-20.7881,9.0731,-1.0791,-23.9261,9.6034,-0.7432,-27.0406,9.7922,0.0025,-31.8006,7.1962,-0.2377,-36.9321,6.8544,-0.2548,-42.1411,7.19,0.0362,-46.9712,7.1237
2017/11/29 01:00:00,0.2551,5.2115,9.9329,0.005,0.0144,9.913,-0.038,-5.0462,10.1733,-0.0089,-10.038,10.0424,-0.046,-15.0224,9.6769,-0.0328,-18.0034,9.2218,0.0044,-20.788,9.0735,-1.0788,-23.926,9.6038,-0.7429,-27.0405,9.7926,0.0028,-31.8006,7.1966,-0.2374,-36.9319,6.8549,-0.2544,-42.1409,7.1904,0.0366,-46.9711,7.1241
2017/11/29 02:00:00,0.2551,5.2114,9.9326,0.0049,0.0143,9.9131,-0.0381,-5.046,10.1733,-0.009,-10.0379,10.0424,-0.046,-15.0223,9.677,-0.0328,-18.0033,9.2219,0.0044,-20.7879,9.0735,-1.0788,-23.926,9.604,-0.7429,-27.0404,9.7927,0.0029,-31.8005,7.1967,-0.2373,-36.9318,6.855,-0.2543,-42.1408,7.1905,0.0366,-46.9711,7.1242
2017/11/29 03:00:00,0.2552,5.2114,9.9327,0.0052,0.0143,9.9129,-0.0377,-5.0462,10.1733,-0.0086,-10.038,10.0424,-0.0457,-15.0223,9.677,-0.0325,-18.0033,9.2219,0.0048,-20.7881,9.0735,-1.0784,-23.926,9.6039,-0.7425,-27.0405,9.7927,0.0033,-31.8006,7.1967,-0.2369,-36.9319,6.855,-0.2538,-42.1408,7.1903,0.0371,-46.9712,7.1241
2017/11/29 04:00:00,0.2551,5.2114,9.9328,0.0051,0.0142,9.9131,-0.0381,-5.0461,10.1734,-0.009,-10.038,10.0425,-0.0461,-15.0223,9.677,-0.0329,-18.0034,9.2219,0.0043,-20.788,9.0735,-1.0791,-23.926,9.604,-0.7432,-27.0406,9.7927,0.0026,-31.8006,7.1967,-0.2376,-36.9319,6.855,-0.2546,-42.1408,7.1905,0.0362,-46.9712,7.1243
2017/11/29 05:00:00,0.2543,5.2114,9.9326,0.0041,0.0144,9.9129,-0.039,-5.046,10.1729,-0.0101,-10.038,10.0419,-0.0473,-15.0222,9.6763,-0.0341,-18.0032,9.2211,0.0033,-20.7879,9.0725,-1.0802,-23.9259,9.6032,-0.7442,-27.0403,9.7919,0.0014,-31.8005,7.1959,-0.2388,-36.9317,6.8541,-0.2559,-42.1406,7.1897,0.0349,-46.9708,7.1233
2017/11/29 06:00:00,0.2547,5.2116,9.9318,0.0043,0.0145,9.9122,-0.0388,-5.046,10.1724,-0.0099,-10.0378,10.0416,-0.0471,-15.0219,9.6761,-0.034,-18.0031,9.2209,0.0032,-20.7877,9.0726,-1.08,-23.9257,9.603,-0.7442,-27.0403,9.7919,0.0014,-31.8003,7.1958,-0.2389,-36.9318,6.854,-0.2561,-42.1406,7.1895,0.0348,-46.9709,7.1231
2017/11/29 07:00:00,0.2555,5.2114,9.9328,0.0053,0.0141,9.9132,-0.0376,-5.0463,10.1734,-0.0086,-10.0382,10.0425,-0.0455,-15.0224,9.6771,-0.0323,-18.0035,9.222,0.0049,-20.7881,9.0737,-1.0782,-23.926,9.604,-0.7422,-27.0407,9.7929,0.0035,-31.8007,7.1968,-0.2366,-36.9322,6.8551,-0.2536,-42.141,7.1905,0.0375,-46.9713,7.1242
2017/11/29 08:00:00,0.2556,5.2114,9.9328,0.0051,0.0141,9.9131,-0.0376,-5.0462,10.1735,-0.0087,-10.038,10.0427,-0.0458,-15.0223,9.6773,-0.0326,-18.0035,9.2222,0.0047,-20.7881,9.0739,-1.0784,-23.9259,9.6042,-0.7424,-27.0407,9.793,0.0032,-31.8007,7.1971,-0.2369,-36.9322,6.8553,-0.2539,-42.1409,7.1906,0.0371,-46.9713,7.1242
2017/11/29 09:00:00,0.2555,5.2113,9.9329,0.0055,0.0143,9.9133,-0.0375,-5.0462,10.1735,-0.0086,-10.038,10.0426,-0.0456,-15.0224,9.6771,-0.0325,-18.0034,9.2221,0.0047,-20.788,9.0738,-1.0785,-23.9259,9.604,-0.7426,-27.0406,9.7929,0.0031,-31.8007,7.1969,-0.2371,-36.9322,6.8552,-0.2541,-42.1409,7.1904,0.0366,-46.9713,7.1241
2017/11/29 10:00:00,0.2552,5.2113,9.9328,0.005,0.0141,9.913,-0.0379,-5.0463,10.1735,-0.0089,-10.0381,10.0426,-0.046,-15.0224,9.6772,-0.0329,-18.0035,9.222,0.0044,-20.7882,9.0738,-1.0787,-23.9258,9.604,-0.7429,-27.0408,9.793,0.0028,-31.8008,7.1969,-0.2374,-36.9322,6.8551,-0.2544,-42.1409,7.1904,0.0364,-46.9713,7.1241
2017/11/29 11:00:00,0.2553,5.2111,9.9332,0.0049,0.0141,9.9134,-0.0384,-5.0464,10.1737,-0.0096,-10.0383,10.0429,-0.0469,-15.0225,9.6774,-0.0338,-18.0036,9.2224,0.0033,-20.7883,9.0742,-1.0798,-23.9257,9.6043,-0.744,-27.0408,9.7932,0.0014,-31.8009,7.1973,-0.2391,-36.9321,6.8555,-0.2563,-42.141,7.1908,0.0345,-46.9715,7.1245
2017/11/29 12:00:00,0.2554,5.2115,9.9329,0.0052,0.0143,9.9135,-0.0379,-5.0461,10.1735,-0.009,-10.0381,10.0428,-0.0462,-15.0223,9.6773,-0.0331,-18.0034,9.2223,0.0041,-20.7881,9.074,-1.0791,-23.9257,9.6042,-0.7433,-27.0406,9.7931,0.0024,-31.8008,7.1971,-0.2379,-36.9321,6.8553,-0.2551,-42.1409,7.1906,0.0357,-46.9713,7.1243
2017/11/29 13:00:00,0.2553,5.2115,9.9326,0.0051,0.0143,9.9131,-0.038,-5.0462,10.1734,-0.009,-10.0381,10.0425,-0.0462,-15.0223,9.677,-0.033,-18.0034,9.222,0.0042,-20.7881,9.0737,-1.079,-23.9257,9.604,-0.7432,-27.0406,9.7929,0.0024,-31.8008,7.1969,-0.2379,-36.932,6.8551,-0.2549,-42.1408,7.1904,0.0359,-46.9713,7.1242
2017/11/29 14:00:00,0.2552,5.2113,9.9328,0.0051,0.0142,9.9131,-0.038,-5.0463,10.1733,-0.009,-10.0382,10.0424,-0.0462,-15.0224,9.677,-0.0331,-18.0035,9.222,0.0042,-20.7883,9.0737,-1.079,-23.9259,9.604,-0.7432,-27.0408,9.7928,0.0024,-31.8009,7.1968,-0.2378,-36.9321,6.8551,-0.2548,-42.141,7.1904,0.036,-46.9715,7.1242
2017/11/29 15:00:00,0.2551,5.2113,9.9329,0.0049,0.0141,9.9132,-0.0383,-5.0463,10.1734,-0.0094,-10.0382,10.0424,-0.0466,-15.0224,9.6769,-0.0335,-18.0035,9.2219,0.0037,-20.7883,9.0736,-1.0796,-23.9258,9.6039,-0.7438,-27.0407,9.7928,0.0017,-31.8008,7.1968,-0.2386,-36.9322,6.855,-0.2557,-42.141,7.1905,0.035,-46.9714,7.1243
2017/11/29 16:00:00,0.2552,5.2113,9.9329,0.005,0.0142,9.9131,-0.0381,-5.0464,10.1734,-0.0092,-10.0382,10.0424,-0.0463,-15.0225,9.677,-0.0332,-18.0036,9.222,0.004,-20.7882,9.0736,-1.0792,-23.9259,9.6039,-0.7434,-27.0408,9.7928,0.0022,-31.8009,7.1968,-0.2381,-36.9322,6.855,-0.2551,-42.141,7.1905,0.0356,-46.9713,7.1243
2017/11/29 17:00:00,0.2551,5.2113,9.9328,0.005,0.0143,9.9131,-0.0382,-5.0463,10.1732,-0.0093,-10.0381,10.0423,-0.0464,-15.0224,9.6769,-0.0333,-18.0035,9.2219,0.0038,-20.7882,9.0735,-1.0794,-23.9257,9.6038,-0.7436,-27.0407,9.7927,0.0019,-31.8008,7.1967,-0.2384,-36.932,6.8549,-0.2554,-42.1408,7.1903,0.0353,-46.9712,7.1242
2017/11/29 18:00:00,0.2553,5.2113,9.9328,0.0052,0.0142,9.913,-0.0378,-5.0462,10.1732,-0.0088,-10.0382,10.0423,-0.0458,-15.0224,9.6768,-0.0326,-18.0035,9.2218,0.0047,-20.7883,9.0735,-1.0786,-23.9258,9.6038,-0.7426,-27.0407,9.7926,0.003,-31.8008,7.1966,-0.2372,-36.9321,6.8548,-0.2541,-42.1408,7.1903,0.0367,-46.9713,7.1242
2017/11/29 19:00:00,0.2553,5.2112,9.9326,0.0053,0.0141,9.9129,-0.0376,-5.0463,10.1731,-0.0086,-10.0382,10.0423,-0.0456,-15.0225,9.6769,-0.0324,-18.0035,9.2218,0.0049,-20.7883,9.0735,-1.0783,-23.9258,9.6038,-0.7423,-27.0407,9.7926,0.0034,-31.8008,7.1966,-0.2368,-36.932,6.8549,-0.2537,-42.1408,7.1903,0.0372,-46.9713,7.1242
2017/11/29 20:00:00,0.2553,5.2112,9.9328,0.0054,0.014,9.913,-0.0375,-5.0464,10.1733,-0.0084,-10.0383,10.0424,-0.0453,-15.0225,9.677,-0.032,-18.0035,9.222,0.0053,-20.7883,9.0737,-1.0779,-23.9259,9.604,-0.7419,-27.0407,9.7928,0.0038,-31.8008,7.1968,-0.2363,-36.932,6.855,-0.2531,-42.1408,7.1904,0.0378,-46.9713,7.1244
2017/11/29 21:00:00,0.255,5.2112,9.9327,0.0047,0.0139,9.9129,-0.0385,-5.0464,10.1731,-0.0097,-10.0383,10.0423,-0.047,-15.0226,9.6768,-0.0339,-18.0036,9.2218,0.0032,-20.7884,9.0735,-1.0802,-23.9258,9.6038,-0.7444,-27.0407,9.7927,0.001,-31.8008,7.1966,-0.2395,-36.932,6.8549,-0.2567,-42.1408,7.1902,0.0339,-46.9713,7.1242
2017/11/29 22:00:00,0.2553,5.2111,9.9327,0.0053,0.014,9.913,-0.0377,-5.0464,10.1731,-0.0086,-10.0384,10.0423,-0.0456,-15.0226,9.6769,-0.0324,-18.0036,9.2218,0.0049,-20.7884,9.0735,-1.0783,-23.9259,9.6038,-0.7423,-27.0408,9.7927,0.0033,-31.8009,7.1966,-0.2368,-36.9321,6.8549,-0.2537,-42.1408,7.1903,0.0371,-46.9714,7.1242
2017/11/29 23:00:00,0.2552,5.2112,9.9329,0.0051,0.0141,9.913,-0.0378,-5.0463,10.1732,-0.0088,-10.0382,10.0423,-0.0459,-15.0225,9.677,-0.0326,-18.0034,9.2219,0.0046,-20.7883,9.0736,-1.0786,-23.9258,9.6039,-0.7427,-27.0407,9.7928,0.003,-31.8007,7.1968,-0.2372,-36.9319,6.855,-0.2542,-42.1408,7.1904,0.0366,-46.9713,7.1244
2017/11/30 00:00:00,0.2551,5.2111,9.9328,0.0051,0.0141,9.913,-0.038,-5.0464,10.1733,-0.009,-10.0383,10.0424,-0.0461,-15.0225,9.677,-0.0329,-18.0035,9.2219,0.0043,-20.7884,9.0736,-1.079,-23.9259,9.6039,-0.7431,-27.0408,9.7928,0.0025,-31.8009,7.1968,-0.2377,-36.932,6.855,-0.2548,-42.1408,7.1904,0.036,-46.9714,7.1244
2017/11/30 01:00:00,0.2553,5.2111,9.9328,0.0052,0.014,9.913,-0.0377,-5.0464,10.1732,-0.0086,-10.0384,10.0423,-0.0457,-15.0226,9.6769,-0.0324,-18.0035,9.2218,0.0049,-20.7884,9.0735,-1.0783,-23.9259,9.6038,-0.7424,-27.0408,9.7927,0.0033,-31.8009,7.1967,-0.2368,-36.932,6.8549,-0.2538,-42.1408,7.1903,0.0371,-46.9714,7.1243
2017/11/30 02:00:00,0.2552,5.2112,9.933,0.0051,0.0141,9.9131,-0.0379,-5.0464,10.1733,-0.0089,-10.0383,10.0424,-0.046,-15.0226,9.677,-0.0328,-18.0034,9.2219,0.0045,-20.7884,9.0736,-1.0789,-23.9259,9.6039,-0.7429,-27.0407,9.7928,0.0027,-31.8009,7.1968,-0.2375,-36.9321,6.855,-0.2546,-42.1408,7.1904,0.0362,-46.9713,7.1244
2017/11/30 03:00:00,0.2553,5.2112,9.9328,0.0053,0.014,9.9131,-0.0376,-5.0466,10.1733,-0.0084,-10.0384,10.0424,-0.0455,-15.0226,9.677,-0.0322,-18.0034,9.2219,0.0052,-20.7884,9.0736,-1.0781,-23.9259,9.6039,-0.7421,-27.0408,9.7928,0.0036,-31.8008,7.1968,-0.2365,-36.932,6.8551,-0.2534,-42.1408,7.1904,0.0375,-46.9713,7.1244
2017/11/30 04:00:00,0.2553,5.2111,9.9329,0.0053,0.014,9.9131,-0.0376,-5.0466,10.1733,-0.0085,-10.0384,10.0424,-0.0456,-15.0225,9.677,-0.0323,-18.0034,9.2219,0.0051,-20.7883,9.0736,-1.0782,-23.9259,9.6039,-0.7422,-27.0408,9.7928,0.0035,-31.8008,7.1968,-0.2367,-36.932,6.855,-0.2535,-42.1407,7.1905,0.0373,-46.9713,7.1243
2017/11/30 05:00:00,0.2552,5.2112,9.9329,0.0052,0.014,9.913,-0.0378,-5.0465,10.1733,-0.0086,-10.0383,10.0424,-0.0457,-15.0225,9.677,-0.0324,-18.0034,9.2219,0.005,-20.7884,9.0736,-1.0784,-23.9258,9.6039,-0.7425,-27.0408,9.7928,0.0033,-31.8008,7.1968,-0.2369,-36.932,6.855,-0.2538,-42.1407,7.1904,0.0371,-46.9713,7.1244
2017/11/30 06:00:00,0.2553,5.2113,9.9328,0.0053,0.014,9.9131,-0.0377,-5.0465,10.1733,-0.0086,-10.0383,10.0425,-0.0457,-15.0225,9.677,-0.0324,-18.0034,9.2219,0.005,-20.7883,9.0736,-1.0784,-23.9258,9.6039,-0.7425,-27.0408,9.7928,0.0032,-31.8008,7.1968,-0.2369,-36.932,6.8551,-0.2539,-42.1407,7.1905,0.037,-46.9713,7.1244
2017/11/30 07:00:00,0.2554,5.2111,9.9328,0.0053,0.0139,9.913,-0.0376,-5.0467,10.1732,-0.0084,-10.0384,10.0424,-0.0455,-15.0226,9.677,-0.0323,-18.0035,9.2218,0.0051,-20.7883,9.0736,-1.0782,-23.9259,9.6038,-0.7422,-27.0408,9.7927,0.0034,-31.8009,7.1967,-0.2367,-36.9321,6.8549,-0.2536,-42.1408,7.1904,0.0373,-46.9714,7.1243
2017/11/30 08:00:00,0.2554,5.2111,9.9328,0.0053,0.0139,9.9131,-0.0376,-5.0467,10.1733,-0.0084,-10.0384,10.0425,-0.0455,-15.0225,9.677,-0.0323,-18.0034,9.2219,0.0052,-20.7883,9.0737,-1.0782,-23.9259,9.6039,-0.7422,-27.0409,9.7928,0.0034,-31.8009,7.1968,-0.2367,-36.9321,6.8551,-0.2536,-42.1409,7.1905,0.0372,-46.9714,7.1243
2017/11/30 09:00:00,0.2552,5.2112,9.9331,0.0049,0.014,9.9133,-0.0381,-5.0468,10.1735,-0.0091,-10.0384,10.0427,-0.0464,-15.0224,9.6772,-0.0333,-18.0034,9.2222,0.004,-20.7884,9.0738,-1.0795,-23.9249,9.6041,-0.7436,-27.0408,9.793,0.0019,-31.8009,7.197,-0.2384,-36.9321,6.8552,-0.2556,-42.1408,7.1907,0.0351,-46.9711,7.1245
2017/11/30 10:00:00,0.2557,5.2112,9.9329,0.0056,0.0139,9.9132,-0.0374,-5.0463,10.1734,-0.0083,-10.0382,10.0426,-0.0454,-15.0225,9.6771,-0.0322,-18.0031,9.222,0.0052,-20.7882,9.0737,-1.0783,-23.9251,9.604,-0.7422,-27.0408,9.7929,0.0035,-31.8009,7.1969,-0.2366,-36.932,6.8551,-0.2536,-42.1408,7.1906,0.0373,-46.9712,7.1244
2017/11/30 11:00:00,0.2556,5.211,9.9327,0.0053,0.0139,9.9131,-0.0378,-5.0464,10.1734,-0.0088,-10.0382,10.0426,-0.0459,-15.0227,9.6772,-0.0327,-18.0032,9.2221,0.0047,-20.7886,9.0739,-1.0789,-23.9251,9.604,-0.7427,-27.0409,9.793,0.0029,-31.8009,7.197,-0.2373,-36.9321,6.8552,-0.2543,-42.1409,7.1906,0.0365,-46.9711,7.1242
2017/11/30 12:00:00,0.2553,5.2112,9.9328,0.0051,0.0139,9.9134,-0.0382,-5.0464,10.1736,-0.0091,-10.0381,10.0428,-0.0462,-15.0225,9.6773,-0.033,-18.0032,9.2223,0.0043,-20.7885,9.0739,-1.0793,-23.925,9.6041,-0.7432,-27.0408,9.7931,0.0024,-31.8008,7.1971,-0.2379,-36.932,6.8554,-0.255,-42.1406,7.1908,0.0357,-46.9711,7.1245
2017/11/30 13:00:00,0.2549,5.2111,9.9328,0.0048,0.0139,9.9131,-0.0383,-5.0465,10.1731,-0.0094,-10.0383,10.0425,-0.0466,-15.0227,9.6769,-0.0335,-18.0034,9.222,0.0038,-20.7886,9.0737,-1.0798,-23.9251,9.6038,-0.7438,-27.0409,9.7928,0.0018,-31.801,7.1968,-0.2386,-36.9322,6.855,-0.2556,-42.1409,7.1904,0.035,-46.9713,7.1242
2017/11/30 14:00:00,0.255,5.2112,9.9325,0.0049,0.0141,9.9129,-0.0384,-5.0463,10.1731,-0.0095,-10.0381,10.0422,-0.0467,-15.0225,9.6768,-0.0337,-18.0032,9.2218,0.0036,-20.7883,9.0735,-1.0801,-23.925,9.6037,-0.7441,-27.0408,9.7927,0.0014,-31.8009,7.1966,-0.239,-36.932,6.8549,-0.2561,-42.1407,7.1903,0.0346,-46.9712,7.1242
2017/11/30 15:00:00,0.2551,5.2111,9.9328,0.005,0.014,9.913,-0.0381,-5.0463,10.1733,-0.0091,-10.0382,10.0424,-0.0463,-15.0226,9.677,-0.0332,-18.0033,9.2219,0.0042,-20.7885,9.0736,-1.0796,-23.9251,9.6039,-0.7435,-27.0408,9.7928,0.0021,-31.8008,7.1968,-0.2382,-36.9321,6.855,-0.2552,-42.1408,7.1905,0.0354,-46.9711,7.1243
2017/11/30 16:00:00,0.255,5.2112,9.9328,0.0048,0.014,9.913,-0.0383,-5.0464,10.1732,-0.0094,-10.0382,10.0423,-0.0466,-15.0225,9.6769,-0.0334,-18.0034,9.2218,0.0039,-20.7885,9.0735,-1.0799,-23.9251,9.6038,-0.7438,-27.0408,9.7927,0.0018,-31.8008,7.1967,-0.2385,-36.932,6.855,-0.2556,-42.1408,7.1904,0.0351,-46.9712,7.1243
2017/11/30 17:00:00,0.2553,5.2111,9.9331,0.0053,0.0139,9.9133,-0.0376,-5.0466,10.1735,-0.0084,-10.0384,10.0426,-0.0453,-15.0226,9.6772,-0.0321,-18.0034,9.2221,0.0054,-20.7885,9.0738,-1.0782,-23.9252,9.6041,-0.742,-27.0409,9.793,0.0037,-31.801,7.197,-0.2363,-36.9321,6.8553,-0.2532,-42.1408,7.1907,0.0377,-46.9712,7.1246
2017/11/30 18:00:00,0.2551,5.2112,9.933,0.0049,0.014,9.9132,-0.0382,-5.0466,10.1734,-0.0092,-10.0382,10.0425,-0.0464,-15.0225,9.6771,-0.0333,-18.0034,9.222,0.004,-20.7883,9.0737,-1.0798,-23.925,9.6039,-0.7437,-27.0408,9.7928,0.0018,-31.8008,7.1968,-0.2385,-36.932,6.8551,-0.2557,-42.1407,7.1905,0.035,-46.9712,7.1245
2017/11/30 19:00:00,0.2547,5.2112,9.9329,0.0042,0.014,9.913,-0.0393,-5.0467,10.1733,-0.0106,-10.0382,10.0424,-0.0482,-15.0225,9.677,-0.0353,-18.0034,9.2219,0.0018,-20.7881,9.0736,-1.0822,-23.925,9.6039,-0.7463,-27.0407,9.7927,-0.0012,-31.8009,7.1967,-0.2419,-36.932,6.855,-0.2593,-42.1407,7.1904,0.031,-46.9712,7.1244
2017/11/30 20:00:00,0.2552,5.211,9.9331,0.0048,0.0138,9.9133,-0.0386,-5.0469,10.1734,-0.0095,-10.0384,10.0427,-0.047,-15.0227,9.6772,-0.034,-18.0035,9.2221,0.0033,-20.7881,9.0739,-1.0808,-23.9251,9.6041,-0.7447,-27.0409,9.7929,0.0005,-31.8009,7.1969,-0.24,-36.9321,6.8552,-0.2573,-42.1408,7.1906,0.0332,-46.9713,7.1246
2017/11/30 22:00:00,0.2556,5.211,9.9327,0.0055,0.0138,9.9131,-0.0375,-5.0469,10.1732,-0.008,-10.0385,10.0425,-0.0453,-15.0226,9.677,-0.0322,-18.0034,9.2219,0.0055,-20.788,9.0737,-1.0786,-23.9252,9.6039,-0.7423,-27.041,9.7927,0.0033,-31.801,7.1967,-0.2369,-36.9321,6.855,-0.2538,-42.1408,7.1905,0.037,-46.9714,7.1243
2017/11/30 23:00:00,0.2554,5.211,9.9328,0.0054,0.0138,9.9131,-0.0376,-5.047,10.1733,-0.0081,-10.0386,10.0426,-0.0454,-15.0226,9.677,-0.0323,-18.0035,9.2219,0.0054,-20.788,9.0738,-1.0787,-23.9252,9.6039,-0.7424,-27.041,9.7928,0.0032,-31.801,7.1967,-0.237,-36.9321,6.855,-0.254,-42.1408,7.1904,0.0368,-46.9714,7.1245
2017/12/01 00:00:00,0.2555,5.211,9.9328,0.0054,0.0138,9.9131,-0.0376,-5.047,10.1733,-0.0081,-10.0386,10.0426,-0.0455,-15.0225,9.677,-0.0324,-18.0035,9.2219,0.0054,-20.7881,9.0735,-1.0788,-23.9253,9.6039,-0.7424,-27.041,9.7927,0.003,-31.801,7.1967,-0.2372,-36.9321,6.855,-0.2542,-42.1409,7.1905,0.0366,-46.9713,7.1245
2017/12/01 01:00:00,0.2556,5.2111,9.9329,0.0054,0.014,9.9133,-0.0377,-5.0469,10.1734,-0.0082,-10.0386,10.0427,-0.0456,-15.0223,9.6772,-0.0326,-18.0034,9.222,0.0052,-20.7878,9.0738,-1.079,-23.9251,9.604,-0.7427,-27.0409,9.7929,0.0027,-31.8008,7.1969,-0.2376,-36.932,6.8551,-0.2547,-42.1408,7.1906,0.036,-46.9712,7.1245
2017/12/01 02:00:00,0.2554,5.2112,9.9329,0.005,0.014,9.9131,-0.0382,-5.047,10.1733,-0.0089,-10.0384,10.0426,-0.0466,-15.0224,9.6771,-0.0337,-18.0035,9.222,0.004,-20.7876,9.0738,-1.0805,-23.925,9.6039,-0.7443,-27.0409,9.7928,0.0009,-31.8008,7.1967,-0.2396,-36.9319,6.855,-0.257,-42.1407,7.1904,0.0336,-46.9712,7.1244
2017/12/01 03:00:00,0.2555,5.2112,9.9328,0.0048,0.014,9.913,-0.0386,-5.047,10.1732,-0.0094,-10.0385,10.0426,-0.0473,-15.0223,9.677,-0.0346,-18.0036,9.2219,0.0031,-20.7875,9.0739,-1.0817,-23.9251,9.6039,-0.7456,-27.0409,9.7926,-0.0007,-31.8009,7.1966,-0.2413,-36.9319,6.855,-0.2589,-42.1406,7.1905,0.0314,-46.9712,7.1246
2017/12/01 04:00:00,0.2557,5.2112,9.9327,0.0052,0.0141,9.913,-0.0383,-5.047,10.1732,-0.0088,-10.0384,10.0427,-0.0469,-15.0222,9.6771,-0.0342,-18.0035,9.2219,0.0038,-20.7874,9.074,-1.0812,-23.925,9.6039,-0.745,-27.0409,9.7927,-0.0001,-31.8008,7.1967,-0.2408,-36.9318,6.855,-0.2584,-42.1405,7.1904,0.032,-46.9711,7.1244
2017/12/01 05:00:00,0.256,5.2114,9.933,0.0053,0.0143,9.9132,-0.0383,-5.0468,10.1734,-0.0087,-10.0382,10.043,-0.0469,-15.022,9.6773,-0.0344,-18.0032,9.2221,0.0037,-20.7872,9.0742,-1.0816,-23.9247,9.6041,-0.7454,-27.0407,9.7929,-0.0006,-31.8005,7.1969,-0.2414,-36.9316,6.8552,-0.259,-42.1403,7.1906,0.0312,-46.9708,7.1245
2017/12/01 06:00:00,0.2562,5.2114,9.9327,0.0058,0.0143,9.913,-0.0376,-5.0468,10.1732,-0.0078,-10.0383,10.0428,-0.0458,-15.0219,9.6771,-0.0331,-18.0031,9.2219,0.0051,-20.7872,9.074,-1.08,-23.9248,9.6039,-0.7437,-27.0406,9.7927,0.0013,-31.8006,7.1966,-0.2393,-36.9316,6.8549,-0.2567,-42.1404,7.1904,0.0337,-46.9709,7.1243
2017/12/01 07:00:00,0.2566,5.2113,9.933,0.0066,0.0142,9.9134,-0.0363,-5.0469,10.1736,-0.0061,-10.0384,10.0431,-0.0437,-15.022,9.6774,-0.0308,-18.0032,9.2222,0.0077,-20.7873,9.0742,-1.0771,-23.9249,9.6042,-0.7407,-27.0408,9.7929,0.0048,-31.8007,7.1969,-0.2353,-36.9317,6.8552,-0.2523,-42.1405,7.1907,0.0384,-46.971,7.1244
2017/12/01 08:00:00,0.2566,5.2114,9.9329,0.0064,0.0142,9.9133,-0.0366,-5.0468,10.1735,-0.0066,-10.0385,10.043,-0.0443,-15.022,9.6773,-0.0314,-18.0031,9.2221,0.0071,-20.7873,9.0741,-1.0779,-23.9249,9.6041,-0.7415,-27.0408,9.7929,0.0038,-31.8007,7.1969,-0.2364,-36.9318,6.8552,-0.2534,-42.1405,7.1907,0.0373,-46.9711,7.1245
