2001/02/01 00:00:00                          0.00                          0.00                          0.00                          0.00                          0.00                          0.00                          0.00                          0.0                          0.000
2001/02/02 00:00:00                        330.11                        330.00                        330.08                        330.22                        330.03                        330.06                        330.12                        330.1                        330.122
2001/02/03 00:00:00                        330.68                        330.31                        330.48                        330.41                        330.28                        330.31                        330.12                        330.1                        330.122
2001/02/04 00:00:00                        331.27                        330.83                        331.00                        330.87                        330.64                        330.66                        330.22                        330.2                        330.222
2001/02/05 00:00:00                        331.65                        331.00                        331.24                        331.03                        330.81                        330.84                        330.14                        330.1                        330.144
2001/02/06 00:00:00                        331.92                        331.24                        331.52                        331.42                        331.12                        331.04                        330.22                        330.2                        330.222
2001/02/07 00:00:00                        332.29                        331.55                        331.75                        332.29                        331.10                        331.13                        330.11                        330.1                        330.111
2001/03/01 00:00:00                           100                           101                           102                           103                           104                           438                           106                           10                           1066
2001/03/02 00:00:00                           200                           101                           102                           103                           104                           438                           106                           10                           1066
2001/03/03 00:00:00                           100                           101                           102                           103                           104                           438                           106                           10                           1066
2001/03/04 00:00:00                           200                           101                           102                           103                           104                           438                           106                           10                           1066
2001/03/05 00:00:00                           100                           101                           202                           103                           104                           438                           106                           10                           1066
2001/03/06 00:00:00                           200                           101                           102                           103                           104                           438                           106                           10                           1066
2001/03/07 00:00:00                           100                           101                           202                           103                           104                           438                           106                           10                           1066
2001/03/07 15:00:00                           100                           101                           102                           103                           104                           438                           106                           10                           1066
2001/03/08 00:00:00                        332.40                        331.93                        332.17                        331.74                        331.53                        331.49                        330.09                        330.0                        330.099
2001/03/09 00:00:00                        332.52                        332.12                        332.45                        332.09                        331.76                        331.76                        330.37                        330.3                        330.377
2001/03/09 10:32:10    +6.656    -0.001    +0.967    +4.708    -6.597    +0.886   -12.155    +2.667    +0.606    +6.656    -0.001    +0.967    +4.708    -6.597    +0.886   -12.155    +2.667    +0.606    +6.656    -0.001    +0.967    +4.708    -6.597    +0.886   -12.155    +2.667    +0.606
2001/03/09 13:01:37    +6.655    -0.001    +0.967    +4.708    -6.597    +0.886   -12.155    +2.667    +0.606    +0.000    +0.000    +0.000    +0.000    +0.000    +0.000    +0.000    +0.000    +0.000    +0.000    +0.000    +0.000    +0.000    +0.000    +0.000    +0.000    +0.000    +0.000
2001/03/09 20:19:09    +8.104    -0.001    +0.886    -8.828    -4.792    +0.509   -10.382    -5.744    +0.655    +0.000    +0.000    +0.000    +0.000    +0.000    +0.000    +0.000    +0.000    +0.000    +0.000    +0.000    +0.000    +0.000    +0.000    +0.000    +0.000    +0.000    +0.000
2001/03/09 20:54:31    +7.195    -0.001    +0.532    -8.135    +5.713    +0.276    -8.937    +6.137    +0.188    +0.000    +0.000    +0.000    +0.000    +0.000    +0.000    +0.000    +0.000    +0.000    +0.000    +0.000    +0.000    +0.000    +0.000    +0.000    +0.000    +0.000    +0.000
2001/03/09 21:02:37    +7.195    +0.000    +0.533    -8.135    +5.712    +0.276    -8.937    +6.137    +0.188    -9.663    +6.693    +0.422    +0.000    +0.000    +0.000    +0.000    +0.000    +0.000    +0.000    +0.000    +0.000    +0.000    +0.000    +0.000    +0.000    +0.000    +0.000
2001/03/09 21:18:05    +7.195    -0.001    +0.533    -8.135    +5.712    +0.276    -8.937    +6.137    +0.188    -9.663    +6.693    +0.422    +0.000    +0.000    +0.000    +0.000    +0.000    +0.000    +0.000    +0.000    +0.000    +0.000    +0.000    +0.000    +0.000    +0.000    +0.000
2001/03/09 21:26:46    +7.195    +0.000    +0.533    -8.135    +5.712    +0.276    -8.937    +6.137    +0.188    -9.664    +6.693    +0.422    +0.000    +0.000    +0.000    +0.000    +0.000    +0.000    +0.000    +0.000    +0.000    +0.000    +0.000    +0.000    +0.000    +0.000    +0.000
2001/03/09 21:57:00    +7.195    +0.000    +0.533    -8.135    +5.712    +0.276    -8.937    +6.137    +0.188    -9.664    +6.693    +0.422    +0.000    +0.000    +0.000    +0.000    +0.000    +0.000    +0.000    +0.000    +0.000    +0.000    +0.000    +0.000    +0.000    +0.000    +0.000
2001/03/10 02:42:49    +7.204    +0.000    +0.533    -8.144    +5.726    +0.277    -8.143    +5.726    +0.276    -9.658    +6.737    +0.422    +0.000    +0.000    +0.000    +0.000    +0.000    +0.000    +0.000    +0.000    +0.000    +0.000    +0.000    +0.000    +0.000    +0.000    +0.000
2001/03/10 02:52:37    +7.204    +0.000    +0.533    -8.143    +5.726    +0.276    -8.144    +5.726    +0.276    -9.657    +6.736    +0.422    +0.000    +0.000    +0.000    +0.000    +0.000    +0.000    +0.000    +0.000    +0.000    +0.000    +0.000    +0.000    +0.000    +0.000    +0.000
2001/03/11 12:13:19    +7.206    -0.001    +0.533    +3.241    -7.809    +0.672    -8.145    +5.716    +0.276    +0.000    +0.000    +0.000    +0.000    +0.000    +0.000    +0.000    +0.000    +0.000    +0.000    +0.000    +0.000    +0.000    +0.000    +0.000    +0.000    +0.000    +0.000
2001/03/11 12:22:13    +7.206    -0.001    +0.533    +3.241    -7.810    +0.672    -8.145    +5.716    +0.276    +0.000    +0.000    +0.000    +0.000    +0.000    +0.000    +0.000    +0.000    +0.000    +0.000    +0.000    +0.000    +0.000    +0.000    +0.000    +0.000    +0.000    +0.000
2001/03/11 12:44:41    +2.763    -6.655    +0.533    -5.970    -5.988    +0.672    +2.156    +9.714    +0.276    +0.000    +0.000    +0.000    +0.000    +0.000    +0.000    +0.000    +0.000    +0.000    +0.000    +0.000    +0.000    +0.000    +0.000    +0.000    +0.000    +0.000    +0.000
