2001/03/05 00:00:00    +6.655    -0.001    +0.967    +4.708    -6.597    +0.886   -12.155    +2.667    +0.606    +0.000    +0.000    +0.000    +0.000    +0.000    +0.000    +0.000    +0.000    +0.000    +0.000    +0.000    +0.000    +0.000    +0.000    +0.000    +0.000    +0.000    +0.000
2001/03/06 00:00:00    +6.655    -0.001    +0.967    +4.708    -6.597    +0.886   -12.155    +2.667    +0.606    +0.000    +0.000    +0.000    +0.000    +0.000    +0.000    +0.000    +0.000    +0.000    +0.000    +0.000    +0.000    +0.000    +0.000    +0.000    +0.000    +0.000    +0.000
2001/03/07 00:00:00    +6.655    -0.001    +0.967    +4.708    -6.597    +0.886   -12.155    +2.667    +0.606    +0.000    +0.000    +0.000    +0.000    +0.000    +0.000    +0.000    +0.000    +0.000    +0.000    +0.000    +0.000    +0.000    +0.000    +0.000    +0.000    +0.000    +0.000
2001/03/08 00:00:00    +6.655    -0.001    +0.967    +4.708    -6.597    +0.886   -12.155    +2.667    +0.606    +0.000    +0.000    +0.000    +0.000    +0.000    +0.000    +0.000    +0.000    +0.000    +0.000    +0.000    +0.000    +0.000    +0.000    +0.000    +0.000    +0.000    +0.000
2001/03/09 13:01:37    +6.655    -0.001    +0.967    +4.708    -6.597    +0.886   -12.155    +2.667    +0.606    +0.000    +0.000    +0.000    +0.000    +0.000    +0.000    +0.000    +0.000    +0.000    +0.000    +0.000    +0.000    +0.000    +0.000    +0.000    +0.000    +0.000    +0.000
2001/03/09 20:19:09    +8.104    -0.001    +0.886    -8.828    -4.792    +0.509   -10.382    -5.744    +0.655    +0.000    +0.000    +0.000    +0.000    +0.000    +0.000    +0.000    +0.000    +0.000    +0.000    +0.000    +0.000    +0.000    +0.000    +0.000    +0.000    +0.000    +0.000
2001/03/09 20:54:31    +7.195    -0.001    +0.532    -8.135    +5.713    +0.276    -8.937    +6.137    +0.188    +0.000    +0.000    +0.000    +0.000    +0.000    +0.000    +0.000    +0.000    +0.000    +0.000    +0.000    +0.000    +0.000    +0.000    +0.000    +0.000    +0.000    +0.000
2001/03/09 21:02:37    +7.195    +0.000    +0.533    -8.135    +5.712    +0.276    -8.937    +6.137    +0.188    -9.663    +6.693    +0.422    +0.000    +0.000    +0.000    +0.000    +0.000    +0.000    +0.000    +0.000    +0.000    +0.000    +0.000    +0.000    +0.000    +0.000    +0.000
2001/03/09 21:18:05    +7.195    -0.001    +0.533    -8.135    +5.712    +0.276    -8.937    +6.137    +0.188    -9.663    +6.693    +0.422    +0.000    +0.000    +0.000    +0.000    +0.000    +0.000    +0.000    +0.000    +0.000    +0.000    +0.000    +0.000    +0.000    +0.000    +0.000
2001/03/09 21:26:46    +7.195    +0.000    +0.533    -8.135    +5.712    +0.276    -8.937    +6.137    +0.188    -9.664    +6.693    +0.422    +0.000    +0.000    +0.000    +0.000    +0.000    +0.000    +0.000    +0.000    +0.000    +0.000    +0.000    +0.000    +0.000    +0.000    +0.000
2001/03/09 21:57:00    +7.195    +0.000    +0.533    -8.135    +5.712    +0.276    -8.937    +6.137    +0.188    -9.664    +6.693    +0.422    +0.000    +0.000    +0.000    +0.000    +0.000    +0.000    +0.000    +0.000    +0.000    +0.000    +0.000    +0.000    +0.000    +0.000    +0.000
2001/03/10 02:42:49    +7.204    +0.000    +0.533    -8.144    +5.726    +0.277    -8.143    +5.726    +0.276    -9.658    +6.737    +0.422    +0.000    +0.000    +0.000    +0.000    +0.000    +0.000    +0.000    +0.000    +0.000    +0.000    +0.000    +0.000    +0.000    +0.000    +0.000
2001/03/10 02:52:37    +7.204    +0.000    +0.533    -8.143    +5.726    +0.276    -8.144    +5.726    +0.276    -9.657    +6.736    +0.422    +0.000    +0.000    +0.000    +0.000    +0.000    +0.000    +0.000    +0.000    +0.000    +0.000    +0.000    +0.000    +0.000    +0.000    +0.000
2001/03/11 12:13:19    +7.206    -0.001    +0.533    +3.241    -7.809    +0.672    -8.145    +5.716    +0.276    +0.000    +0.000    +0.000    +0.000    +0.000    +0.000    +0.000    +0.000    +0.000    +0.000    +0.000    +0.000    +0.000    +0.000    +0.000    +0.000    +0.000    +0.000
2001/03/11 12:22:13    +7.206    -0.001    +0.533    +3.241    -7.810    +0.672    -8.145    +5.716    +0.276    +0.000    +0.000    +0.000    +0.000    +0.000    +0.000    +0.000    +0.000    +0.000    +0.000    +0.000    +0.000    +0.000    +0.000    +0.000    +0.000    +0.000    +0.000
2001/03/11 12:44:41    +2.763    -6.655    +0.533    -5.970    -5.988    +0.672    +2.156    +9.714    +0.276    +0.000    +0.000    +0.000    +0.000    +0.000    +0.000    +0.000    +0.000    +0.000    +0.000    +0.000    +0.000    +0.000    +0.000    +0.000    +0.000    +0.000    +0.000
2001/03/12 14:49:00    +2.763    -6.655    +0.533    -5.970    -5.988    +0.672    +2.156    +9.714    +0.276    +0.000    +0.000    +0.000    +0.000    +0.000    +0.000    +0.000    +0.000    +0.000    +0.000    +0.000    +0.000    +0.000    +0.000    +0.000    +0.000    +0.000    +0.000
2001/03/13 14:00:00    +2.763    -6.655    +0.533    -5.970    -5.988    +0.672    +2.156    +9.714    +0.276    +0.000    +0.000    +0.000    +0.000    +0.000    +0.000    +0.000    +0.000    +0.000    +0.000    +0.000    +0.000    +0.000    +0.000    +0.315    +0.000    +0.000    +0.000
2001/03/13 15:00:00    +2.763    -6.655    +0.533    -5.970    -5.988    +0.672    +2.156    +9.714    +0.276    +0.000    +0.000    +0.000    +0.000    +0.000    +0.000    +0.000    +0.000    +0.000    +0.000    +0.000    +0.000    +0.000    +0.000    +1.000    +0.000    +0.000    +0.000
2001/03/13 21:00:00    +2.763    -6.655    +0.533    -5.970    -5.988    +0.672    +2.156    +9.714    +0.276    +0.000    +0.000    +0.000    +0.000    +0.000    +0.000    +0.000    +0.000    +0.000    +0.000    +0.000    +0.000    +0.000    +0.000    +1.170    +0.000    +0.000    +0.000
2001/03/14 06:00:00    +2.763    -6.655    +0.533    -5.970    -5.988    +0.672    +2.156    +9.714    +0.276    +0.000    +0.000    +0.000    +0.000    +0.000    +0.000    +0.000    +0.000    +0.000    +0.000    +0.000    +0.000    +0.000    +0.000    +1.170    +0.000    +0.000    +0.000
2001/03/14 09:00:00    +2.763    -6.655    +0.533    -5.970    -5.988    +0.672    +2.156    +9.714    +0.276    +0.000    +0.000    +0.000    +0.000    +0.000    +0.000    +0.000    +0.000    +0.000    +0.000    +0.000    +0.000    +0.000    +0.000    +1.170    +0.000    +0.000    +0.000
2001/03/14 12:00:00    +2.763    -6.655    +0.533    -5.970    -5.988    +0.672    +2.156    +9.714    +0.276    +0.000    +0.000    +0.000    +0.000    +0.000    +0.000    +0.000    +0.000    +0.000    +0.000    +0.000    +0.000    +0.000    +0.000    +1.000    +0.000    +0.000    +0.000
2001/03/14 15:00:00    +2.763    -6.655    +0.533    -5.970    -5.988    +0.672    +2.156    +9.714    +0.276    +0.000    +0.000    +0.000    +0.000    +0.000    +0.000    +0.000    +0.000    +0.000    +0.000    +0.000    +0.000    +0.000    +0.000    +1.000    +0.000    +0.000    +0.000
2001/03/14 21:00:00    +2.763    -6.655    +0.533    -5.970    -5.988    +0.672    +2.156    +9.714    +0.276    +0.000    +0.000    +0.000    +0.000    +0.000    +0.000    +0.000    +0.000    +0.000    +0.000    +0.000    +0.000    +0.000    +0.000    +0.500    +0.000    +0.000    +0.000
2001/03/15 09:00:00    +2.763    -6.655    +0.533    -5.970    -5.988    +0.672    +2.156    +9.714    +0.276    +0.000    +0.000    +0.000    +0.000    +0.000    +0.000    +0.000    +0.000    +0.000    +0.000    +0.000    +0.000    +0.000    +0.000    +1.200    +0.000    +0.000    +0.000
2001/03/15 09:32:47    +6.955    -0.001    +0.666    +4.005    -7.450    +0.664    -8.651    +4.917    +0.276   -10.276    +5.760    +0.523    +0.000    +0.000    +0.000    +0.000    +0.000    +0.000    +0.000    +0.000    +0.000    +0.000    +0.000    +0.000    +0.000    +0.000    +0.000
2001/03/15 21:00:00    +6.955    -0.001    +0.666    +4.005    -7.450    +0.664    -8.651    +4.917    +0.276   -10.276    +5.760    +0.523    +0.000    +0.000    +0.000    +0.000    +0.000    +0.000    +0.000    +0.000    +0.000    +0.000    +0.000    +0.000    +0.000    +0.000    +0.000
2001/03/15 21:36:47    -0.006    +0.019    +0.001    +8.005    +0.025    -0.001    +1.181   -16.300    -0.389    +0.997   -18.122    -0.142    +0.000    +0.000    +0.000    +0.000    +0.000    +0.000    +0.000    +0.000    +0.000    +0.000    +0.000    +0.000    +0.000    +0.000    +0.000
2001/03/16 00:54:08    -5.119   -12.932    +0.001   -10.959    -7.448    -0.001    +5.196    -0.231    -0.388    +6.579    +0.970    -0.142    +0.000    +0.000    +0.000    +0.000    +0.000    +0.000    +0.000    +0.000    +0.000    +0.000    +0.000    +0.000    +0.000    +0.000    +0.000
2001/03/16 01:27:18    -5.121   -12.932    +0.001   -10.961    -7.447    -0.001    +5.196    -0.233    -0.388    +6.579    +0.968    -0.142    +0.000    +0.000    +0.000    +0.000    +0.000    +0.000    +0.000    +0.000    +0.000    +0.000    +0.000    +0.000    +0.000    +0.000    +0.000
2001/03/16 02:42:38    +0.001    +0.001    +0.001    +8.012    +0.000    -0.001    +1.172   -16.319    -0.388    +0.985   -18.141    -0.142    +0.000    +0.000    +0.000    +0.000    +0.000    +0.000    +0.000    +0.000    +0.000    +0.000    +0.000    +0.000    +0.000    +0.000    +0.000
2001/03/16 03:01:20    +0.001    +0.001    +0.001    +8.012    +0.000    +0.000    +1.173   -16.319    -0.388    +0.987   -18.141    -0.142    +0.000    +0.000    +0.000    +0.000    +0.000    +0.000    +0.000    +0.000    +0.000    +0.000    +0.000    +0.000    +0.000    +0.000    +0.000
2001/05/17 10:08:12    +2.763    -6.655    +0.533    -5.970    -5.988    +0.672    +2.156    +9.714    +0.276    +0.000    +0.000    +0.000    +0.000    +0.000    +0.000    +0.000    +0.000    +0.000    +0.000    +0.000    +0.000    +0.000    +0.000    +1.200    +0.000    +0.000    +0.000
2001/05/17 10:09:16    +2.763    -6.655    +0.533    -5.970    -5.988    +0.672    +2.156    +9.714    +0.276    +0.000    +0.000    +0.000    +0.000    +0.000    +0.000    +0.000    +0.000    +0.000    +0.000    +0.000    +0.000    +0.000    +0.000    +1.200    +0.000    +0.000    +0.000
2001/05/17 10:09:43    +2.763    -6.655    +0.533    -5.970    -5.988    +0.672    +2.156    +9.714    +0.276    +0.000    +0.000    +0.000    +0.000    +0.000    +0.000    +0.000    +0.000    +0.000    +0.000    +0.000    +0.000    +0.000    +0.000    +1.200    +0.000    +0.000    +0.000
2001/05/17 10:10:30    +2.763    -6.655    +0.533    -5.970    -5.988    +0.672    +2.156    +9.714    +0.276    +0.000    +0.000    +0.000    +0.000    +0.000    +0.000    +0.000    +0.000    +0.000    +0.000    +0.000    +0.000    +0.000    +0.000    +1.200    +0.000    +0.000    +0.000
2001/05/17 10:16:00    +2.763    -6.655    +0.533    -5.970    -5.988    +0.672    +2.156    +9.714    +0.276    +0.000    +0.000    +0.000    +0.000    +0.000    +0.000    +0.000    +0.000    +0.000    +0.000    +0.000    +0.000    +0.000    +0.000    +1.200    +0.000    +0.000    +0.000
2001/05/21 15:25:41    +2.763    -6.655    +0.533    -5.970    -5.988    +0.672    +2.156    +9.714    +0.276    +0.000    +0.000    +0.000    +0.000    +0.000    +0.000    +0.000    +0.000    +0.000    +0.000    +0.000    +0.000    +0.000    +0.000    +1.200    +0.000    +0.000    +0.000
2001/12/11 09:30:00    +2.763    -6.655    -0.533    -5.970    -5.988    -0.672    +2.156    +9.714    +0.276    +0.000    +0.000    +0.000    +0.000    +0.000    +0.000    +0.000    +0.000    +0.000    +0.000    +0.000    +0.000    +0.000    +0.000    +1.200    +0.000    +0.000    +0.000
